%time,field.layout.data_offset,field.data0,field.data1,field.data2,field.data3,field.data4,field.data5,field.data6,field.data7,field.data8,field.data9,field.data10,field.data11,field.data12,field.data13,field.data14,field.data15,field.data16,field.data17,field.data18,field.data19,field.data20,field.data21,field.data22,field.data23,field.data24,field.data25,field.data26,field.data27,field.data28,field.data29,field.data30,field.data31,field.data32,field.data33,field.data34,field.data35,field.data36,field.data37,field.data38,field.data39,field.data40,field.data41,field.data42,field.data43,field.data44,field.data45,field.data46,field.data47,field.data48,field.data49
1685054323312927500,0,54323.3125,1.0,0.0,0.0,0.0,0.0,0.0,0.0,16.0,-0.0021418635733425617,-0.0017013653414323926,0.0005632573738694191,0.005627387668937445,-0.0729856789112091,0.03385923057794571,17.0,0.0049263653345406055,-0.0014267186634242535,-0.00012461085862014443,-0.05372926592826843,-0.07114563137292862,0.008180334232747555,18.0,0.000106686660728883,-3.612620639614761e-05,0.00047529806033708155,0.006081737112253904,-0.015310689806938171,0.03433806076645851,20.0,0.005110947415232658,-0.00010583161929389462,1.27464709294145e-05,0.06420427560806274,-0.17829664051532745,0.0031449415255337954,21.0,0.005794733762741089,0.0014223125763237476,-2.8784357709810138e-05,-0.03242901712656021,-0.019220173358917236,0.009828432463109493,22.0,0.0016695080557838082,-0.00023429494467563927,-3.910521263605915e-05,-0.0358949676156044,0.01807619072496891,0.006311231758445501
1685054323313396100,0,54323.3125,1.0,0.0,0.0,0.0,0.0,0.0,0.0,16.0,-0.005790946073830128,0.0004808279627468437,0.0003825945605058223,0.04607813060283661,0.1494424194097519,-0.018496587872505188,17.0,0.0011485903523862362,-0.0017853803001344204,-0.00018077358254231513,-0.0479218028485775,-0.08761142194271088,0.004640483297407627,18.0,-0.002944729756563902,-0.0004954959149472415,0.000782993680331856,-0.04055384173989296,-0.05281204730272293,0.024303404614329338,20.0,0.004099145531654358,-0.0019186645513400435,-9.487052011536434e-05,-0.022370493039488792,-0.10234463959932327,0.00262626213952899,21.0,0.005156338680535555,-0.00012541684554889798,-0.00016000635514501482,0.04916292801499367,-0.04584162309765816,-0.023065203800797462,22.0,0.0021969801746308804,-0.00048206199426203966,-0.0005434664781205356,-0.018285436555743217,-0.03430396318435669,-0.017053743824362755
1685054323322863100,0,54323.3203125,1.0,0.0,0.0,0.0,0.0,0.0,0.0,16.0,-0.006370284128934145,0.001430362812243402,-0.00021760916570201516,-0.04787599667906761,0.09997310489416122,-0.07657421380281448,17.0,0.0020959668327122927,-0.002379052573814988,-0.0008584312163293362,0.0028037067968398333,-0.14978855848312378,-0.04141392931342125,18.0,-0.0030549850780516863,-8.576140680816025e-05,-8.109329064609483e-05,-0.0417032316327095,-0.04676640406250954,-0.08063597232103348,20.0,0.0017895475029945374,0.0036594995763152838,0.00013108876009937376,-0.2919149398803711,0.49663046002388,0.04398037865757942,21.0,0.004968426190316677,-0.0009383571450598538,-8.244162745540962e-05,0.04759739339351654,-0.03021649643778801,-0.03697563707828522,22.0,0.0030702820513397455,-0.0015519801527261734,-0.0011329252738505602,-0.026090247556567192,-0.04580220580101013,-0.07411452382802963
1685054323332954600,0,54323.33203125,1.0,0.0,0.0,0.0,0.0,0.0,0.0,16.0,-0.006301441229879856,-0.0033493274822831154,0.0009685879340395331,0.07826309651136398,-0.43653857707977295,0.10665707290172577,17.0,0.003359372727572918,-0.0010723514715209603,-5.2695068006869406e-05,0.23721832036972046,0.04145596921443939,0.0945991575717926,18.0,-0.0023968329187482595,0.0003726197755895555,0.00039466196903958917,0.13263309001922607,-0.04372997581958771,0.05615828186273575,20.0,0.00044634201913140714,-2.348199996049516e-05,0.0005315302405506372,-0.08917087316513062,-0.30108997225761414,0.07901599258184433,21.0,0.0035387533716857433,0.002506101503968239,0.0003363439464010298,0.10676956176757812,-0.016151193529367447,0.07929368317127228,22.0,0.003072216873988509,-0.0009209690615534782,-0.00019528859411366284,0.05725635588169098,0.03336041420698166,0.09267289936542511
1685054323352812800,0,54323.3515625,1.0,0.0,0.0,0.0,0.0,0.0,0.0,16.0,-0.005932214204221964,-0.0001097233034670353,0.00022093980805948377,-0.15979209542274475,0.25809237360954285,-0.07259056717157364,17.0,0.003872906556352973,-0.0033110606018453836,-0.0005728185060434043,-0.12849114835262299,-0.06306701898574829,-0.028414875268936157,18.0,-0.0011533021461218596,-0.00016068173863459378,0.00038958099321462214,-0.09157998114824295,-0.09266558289527893,0.016212860122323036,20.0,0.001771746901795268,-0.0005820612423121929,0.0005171042284928262,-0.05453993007540703,-0.09254330396652222,0.04404057189822197,21.0,0.0021909410133957863,0.002723851939663291,0.0004960780497640371,-0.17801633477210999,0.02491445094347,0.02453923225402832,22.0,0.003059252630919218,-0.00022146859555505216,-0.00032668994390405715,-0.12613394856452942,-0.03320405259728432,0.0033742354717105627
1685054323353266100,0,54323.3515625,1.0,0.0,0.0,0.0,0.0,0.0,0.0,16.0,-0.005532740615308285,0.00365035654976964,0.0001964305993169546,-0.09327917546033859,0.41550230979919434,-0.007086074911057949,17.0,0.0049871536903083324,-0.006211942993104458,-0.00037082756171002984,-0.028239358216524124,0.0652269795536995,0.032636504620313644,18.0,-0.0007791418465785682,-0.0013695735251531005,0.00039677764289081097,-0.0666639506816864,0.042114198207855225,0.007934018969535828,20.0,0.002926138462498784,-0.0022222474217414856,-0.00012195340968901291,0.03161502629518509,-0.14330492913722992,-0.02878132276237011,21.0,0.0015121992910280824,0.0033783065155148506,-1.9982358935521916e-05,0.10408204793930054,0.06808705627918243,-0.003538610879331827,22.0,0.0013319492572918534,0.00032217870466411114,-0.0007961088558658957,-0.07982395589351654,0.022520648315548897,-0.03951803594827652
1685054323362907400,0,54323.36328125,1.0,0.0,0.0,0.0,0.0,0.0,0.0,16.0,-0.002706828061491251,0.0006410359055735171,0.0008000279194675386,0.11739876121282578,-0.2899697422981262,0.059649258852005005,17.0,0.006577046122401953,-0.0056245955638587475,0.00019336232799105346,-0.14042170345783234,-0.032954905182123184,0.01389119029045105,18.0,-7.673280197195709e-05,-0.0024254994932562113,0.0005883626290597022,-0.06372472643852234,-0.07055426388978958,0.02675684541463852,20.0,0.0029576807282865047,0.0018119137967005372,-9.218565537594259e-05,-0.060506753623485565,0.3534930944442749,0.02321734093129635,21.0,0.0020874403417110443,0.0002517980174161494,-3.8949707231950015e-05,-0.22054441273212433,-0.18602323532104492,-0.04022867605090141,22.0,0.0005788618582300842,-0.0007168592419475317,-0.001072778832167387,-0.06117437034845352,-0.07380159199237823,-0.03236859291791916
1685054323372789200,0,54323.37109375,1.0,0.0,0.0,0.0,0.0,0.0,0.0,16.0,-0.0008187094354070723,0.0006066971691325307,0.0008493252680636942,0.09437257051467896,0.05937245860695839,0.009922807104885578,17.0,0.007745454553514719,-0.005350938998162746,0.0002985214814543724,-0.031204869970679283,0.1589684784412384,0.05156296119093895,18.0,0.0005760646890848875,-0.0026515121571719646,0.0013205927098169923,-0.022799566388130188,0.06063792109489441,0.08486230671405792,20.0,0.0018494755495339632,0.0018380706897005439,0.0004443106008693576,-0.11130179464817047,0.04446636512875557,0.06759240478277206,21.0,0.0016501534264534712,-0.0007619193056598306,0.0004524156975094229,-0.1282287985086441,-0.045958708971738815,0.10468515008687973,22.0,-6.241280971153174e-06,-0.0014367569237947464,-0.0004944149986840785,-0.045509252697229385,0.02642565779387951,0.04541019722819328
1685054323382736000,0,54323.3828125,1.0,0.0,0.0,0.0,0.0,0.0,0.0,16.0,0.0007866928353905678,-0.004120149649679661,0.0009036468691192567,0.09621185064315796,-0.4295327067375183,0.010805358178913593,17.0,0.007756215985864401,-0.002925044158473611,0.00018885202007368207,-0.0758446678519249,0.1376061737537384,-0.02199750766158104,18.0,0.0010090614669024944,-0.0022397267166525126,0.0007686137105338275,-0.0418832004070282,0.035502128303050995,-0.042084068059921265,20.0,0.0013941091019660234,-0.00097563152667135,0.0003405096067581326,-0.042294491082429886,-0.23136277496814728,-0.004247083328664303,21.0,0.001977762905880809,-0.0010634114732965827,0.0003026912745554,-0.18073806166648865,0.022151228040456772,0.009396322071552277,22.0,0.00011761195491999388,-0.0017527927411720157,-0.00018931568774860352,-0.051392484456300735,0.024985462427139282,0.013308999128639698
1685054323392667900,0,54323.390625,1.0,0.0,0.0,0.0,0.0,0.0,0.0,16.0,0.002073655603453517,-0.005350930616259575,0.0004783056501764804,-0.012784440070390701,-0.07700461149215698,-0.03795798495411873,17.0,0.005991003010421991,-0.0010676198871806264,-8.244183845818043e-05,-0.1437363624572754,0.15314480662345886,-0.007047310471534729,18.0,0.0006167496903799474,-0.0013759542489424348,0.0005668779485858977,-0.16971991956233978,0.10251550376415253,-0.012082720175385475,20.0,0.003485736669972539,-0.0030386680737137794,-0.0005047020385973155,0.11495275050401688,-0.12437272816896439,-0.08397931605577469,21.0,-7.475553138647228e-05,-0.0010745036415755749,-0.0002712134155444801,-0.17498372495174408,0.06412656605243683,-0.09462401270866394,22.0,-0.0002462853735778481,-0.0019681977573782206,-0.0002509766782168299,-0.16047866642475128,0.05972563102841377,-0.02271207608282566
1685054323402815700,0,54323.40234375,1.0,0.0,0.0,0.0,0.0,0.0,0.0,16.0,0.0010514860041439533,-0.004013604950159788,2.352118281123694e-05,-0.19882823526859283,0.14204823970794678,-0.047667939215898514,17.0,0.006803571246564388,-0.00043300099787302315,-0.0006801768322475255,-0.1254977285861969,0.16066892445087433,-0.052805788815021515,18.0,0.0007621499826200306,-0.0009167231037281454,0.0002798360073938966,-0.10535847395658493,0.06697439402341843,-0.023961732164025307,20.0,0.0026081448886543512,-0.002417156007140875,-0.0009899804135784507,-0.14763537049293518,0.11509019881486893,-0.054554883390665054,21.0,-0.0019758569542318583,-0.002002082299441099,-0.0006929285591468215,-0.08037091791629791,0.0050542326644063,-0.06874285638332367,22.0,-0.000657189404591918,-0.002156342612579465,-0.0009756071958690882,-0.1074552834033966,0.06306958943605423,-0.089262954890728
1685054323412773800,0,54323.41015625,1.0,0.0,0.0,0.0,0.0,0.0,0.0,16.0,0.00012280780356377363,-0.0011030326131731272,-0.0007765366462990642,-0.08051768690347672,0.31503060460090637,-0.0964750126004219,17.0,0.00792328454554081,-0.0026558274403214455,-0.0014488763408735394,-0.050450488924980164,0.09151613712310791,0.0018973082769662142,18.0,0.0016438276506960392,-0.0021137704607099295,-4.680298388848314e-06,0.013844864442944527,0.009153710678219795,-0.029946492984890938,20.0,-0.000200916692847386,-0.0014286588411778212,-0.0005282867350615561,-0.2287074625492096,0.16775032877922058,0.03494947776198387,21.0,-0.002427940256893635,-0.003478798782452941,-0.00038792515988461673,0.035640012472867966,-0.026224331930279732,0.00041694147512316704,22.0,-0.0004316732520237565,-0.003500628285109997,-4.240969428792596e-05,0.051125913858413696,-0.016482874751091003,0.0779421478509903
1685054323423228000,0,54323.421875,1.0,0.0,0.0,0.0,0.0,0.0,0.0,16.0,0.0003303159319330007,-0.0017188980709761381,-0.000611498428042978,0.04174618050456047,-0.012480481527745724,-0.012511160224676132,17.0,0.008819340728223324,-0.001305382582359016,-0.0014349950943142176,0.08261314034461975,0.03643141686916351,0.00486340606585145,18.0,0.002354837954044342,-0.0025169760920107365,4.806816650670953e-05,0.044799454510211945,0.040585391223430634,0.0006929048686288297,20.0,-0.00030741977388970554,-0.002847908530384302,-0.0006404725136235356,0.04518244042992592,-0.0794331282377243,-0.019297804683446884,21.0,-0.0023052161559462547,-0.0022561042569577694,-0.0005101755959913135,0.09680724143981934,0.12412961572408676,0.020829197019338608,22.0,-0.00125386961735785,-0.0034802164882421494,-0.0008092135540209711,-0.013475785031914711,0.1035228818655014,-0.08714421838521957
1685054323432743500,0,54323.43359375,1.0,0.0,0.0,0.0,0.0,0.0,0.0,16.0,0.002128917956724763,-0.0012529741507023573,-0.00034541331115178764,0.1512514352798462,-0.005702202208340168,-0.007559229154139757,17.0,0.007941704243421555,-0.0026737204752862453,-0.0008343914523720741,-0.05810621380805969,-0.14217142760753632,-0.02194952592253685,18.0,0.0020665833726525307,-0.0027111275121569633,-0.00023000095097813755,-0.04049557074904442,-0.046658147126436234,-0.04187431186437607,20.0,-0.00030909731867723167,-0.003368491306900978,-0.0008514015353284776,0.022840676829218864,-0.10595721751451492,-0.02893679216504097,21.0,-0.0022365932818502188,-0.0009796940721571445,-0.0007223588763736188,-0.051124610006809235,-0.09546665847301483,-0.03762705996632576,22.0,-0.0014429306611418724,-0.004126326646655798,-0.0012070545926690102,-0.016983093693852425,-0.134188711643219,-0.05374385789036751
1685054323442686700,0,54323.44140625,1.0,0.0,0.0,0.0,0.0,0.0,0.0,16.0,0.0019508771365508437,-0.00041270098881796,0.0002593418175820261,-0.06106895953416824,0.05315607041120529,0.03030676580965519,17.0,0.0080101378262043,-0.0024916273541748524,-0.00022399600129574537,-0.00020735668658744544,-0.046361930668354034,0.019897818565368652,18.0,0.002404856728389859,-0.002549536060541868,0.0001743395405355841,0.0006362865096889436,-0.016721628606319427,0.02300170063972473,20.0,-0.0014560980489477515,-1.8788039596984163e-05,-0.000322618376230821,-0.12191206961870193,0.28951314091682434,0.052980322390794754,21.0,-0.0019886151421815157,-0.0015595448203384876,-0.0002908851020038128,-0.03398902714252472,-0.02094300091266632,-0.0024040616117417812,22.0,-0.0013266729656606913,-0.0036471455823630095,-0.0011223009787499905,-0.044231999665498734,0.01581578329205513,-0.0031894512940198183
1685054323457866500,0,54323.45703125,1.0,0.0,0.0,0.0,0.0,0.0,0.0,16.0,0.0010309128556400537,0.0007400669273920357,0.0008286650408990681,-0.019238317385315895,0.09463513642549515,0.030274925753474236,17.0,0.008223182521760464,-0.003098892280831933,0.0003155482991132885,0.11843247711658478,-0.06573855131864548,0.01369282603263855,18.0,0.002367326058447361,-0.003030858701094985,0.000534144404809922,0.06989358365535736,-0.058122918009757996,0.014876125380396843,20.0,-0.0014010065933689475,-0.0009461381123401225,5.067354504717514e-05,0.08667881786823273,-0.09956011921167374,0.02805039845407009,21.0,-0.003518135054036975,-0.0025317976251244545,0.00018498493591323495,0.039575595408678055,-0.02095453441143036,0.009887679480016232,22.0,-0.0019535354804247618,-0.0031513958238065243,-0.0005929894396103919,0.04373534768819809,-0.003482094034552574,0.05077911913394928
1685054323480738000,0,54323.48046875,1.0,0.0,0.0,0.0,0.0,0.0,0.0,16.0,0.0018745828419923782,0.0002311644348083064,0.001280687632970512,0.12202434986829758,-0.1377808153629303,0.031092263758182526,17.0,0.006363127380609512,-0.0032186664175242186,0.0010068464325740933,0.04782196879386902,-0.14408183097839355,0.00034510414116084576,18.0,0.0017152734799310565,-0.00272085377946496,0.0006542024784721434,0.0010240905685350299,-0.07535874098539352,-0.017003193497657776,20.0,-0.0019585592672228813,-0.0012848752085119486,0.00011272990377619863,-0.019500194117426872,-0.14557971060276031,0.01208933349698782,21.0,-0.0040755257941782475,-0.002870739670470357,0.00024715205654501915,-0.011233734898269176,-0.10011850297451019,-0.014954968355596066,22.0,-0.0023222703021019697,-0.0027157498989254236,-0.0007632140768691897,0.021831518039107323,-0.06864718347787857,-0.0221797376871109
1685054323481220500,0,54323.48046875,1.0,0.0,0.0,0.0,0.0,0.0,0.0,16.0,0.0012481044977903366,0.00011312327842460945,0.0019410233944654465,-0.04773494601249695,-0.05655396729707718,0.02192520722746849,17.0,0.005736945662647486,-0.0033363481052219868,0.0016672477358952165,-0.030253900215029716,-0.15083234012126923,-0.025341298431158066,18.0,5.128152770339511e-05,-0.001690873526968062,0.0013836955185979605,-0.01783367618918419,-0.030597969889640808,0.025075672194361687,20.0,-0.0016567792044952512,0.0016071777790784836,0.00043942593038082123,-0.05082104727625847,0.025783764198422432,-0.006516626570373774,21.0,-0.004816014785319567,-0.0022944649681448936,0.0006383702275343239,0.04031279310584068,-0.044050443917512894,0.01452053152024746,22.0,-0.0024595290888100863,-0.002370579866692424,-9.991706610890105e-05,0.01277627982199192,-0.03812002018094063,0.013843686319887638
1685054323490958000,0,54323.48828125,1.0,0.0,0.0,0.0,0.0,0.0,0.0,16.0,0.0026528313755989075,0.0015434839297086,0.0012864437885582447,0.05668853968381882,0.06695281714200974,-0.008872929029166698,17.0,0.003991737030446529,-0.0035837427712976933,0.001385394250974059,-0.16403158009052277,-0.04176950082182884,0.007861264050006866,18.0,-0.0007065640529617667,-0.0016167261637747288,0.0018116297433152795,-0.041483622044324875,-0.07938127964735031,0.04765067622065544,20.0,-0.0017635488184168935,-0.0017075673677027225,0.00014170835493132472,-0.09518199414014816,-0.3878399133682251,0.006050355266779661,21.0,-0.004096054006367922,-5.630339001072571e-05,0.00029557966627180576,-0.07104397565126419,0.09746408462524414,0.03679155930876732,22.0,-0.002380740363150835,-0.0008852134342305362,-0.0005630070227198303,-0.08984365314245224,0.038444943726062775,-0.04598286375403404
1685054323500906000,0,54323.5,1.0,0.0,0.0,0.0,0.0,0.0,0.0,16.0,0.0005850244779139757,0.002115808427333832,0.0005884550046175718,0.04995214194059372,0.09863687306642532,-0.05156997591257095,17.0,0.0034518474712967873,-0.00455531757324934,0.0006113732233643532,0.08483699709177017,-0.12242680042982101,0.01671496592462063,18.0,-0.0031459187157452106,-0.0021449390333145857,0.0017231573583558202,0.059195347130298615,-0.027114786207675934,0.0005673572304658592,20.0,-0.00029563286807388067,-0.0018474358366802335,0.00028969411505386233,0.08029364794492722,-0.0893390104174614,0.037684448063373566,21.0,-0.0030929066706448793,-0.0010182252153754234,0.0004723767633549869,0.08927969634532928,-0.08798228949308395,0.02443632297217846,22.0,-0.0004417613672558218,-0.0011336622992530465,0.000671026180498302,0.09037578850984573,-0.036168262362480164,0.12528377771377563
1685054323510704600,0,54323.51171875,1.0,0.0,0.0,0.0,0.0,0.0,0.0,16.0,-0.00034080477780662477,0.002485372591763735,-0.00030421250266954303,-0.06442614644765854,0.00652151508256793,-0.08269273489713669,17.0,0.0034921178594231606,-0.005150908604264259,-0.00032957535586319864,-0.10150088369846344,0.023977497592568398,-0.02064482495188713,18.0,-0.004081765655428171,-0.0022005466744303703,0.0008336198516190052,-0.0993829146027565,-0.01892690919339657,-0.0680561363697052,20.0,0.0017222062451764941,0.0010432875715196133,0.0002221978356828913,0.05102595314383507,0.14831434190273285,0.007824155502021313,21.0,-0.0013435184955596924,-0.0025250136386603117,0.0004161529359407723,-0.10564053058624268,0.05778975784778595,-0.011806074529886246,22.0,-7.163143891375512e-05,-0.0010646950686350465,0.00021900393767282367,-0.13356967270374298,-0.002085938584059477,-0.03554656729102135
1685054323520683100,0,54323.51953125,1.0,0.0,0.0,0.0,0.0,0.0,0.0,16.0,0.00011714502761606127,0.0011530633782967925,-5.7110049965558574e-05,0.0710717961192131,-0.009801674634218216,0.023251228034496307,17.0,0.00408964091911912,-0.0053079030476510525,-0.00014737799938302487,-0.007134800776839256,0.050992418080568314,0.016146520152688026,18.0,-0.004106044303625822,-0.003046369180083275,0.001512309885583818,-0.0288391076028347,0.03454598784446716,0.09216375648975372,20.0,0.0018059564754366875,0.0016838890733197331,0.00020182994194328785,-0.0006099684978835285,0.12909331917762756,0.013024330139160156,21.0,0.0007687769830226898,-0.0024338059592992067,0.0002637074503581971,-0.02468666061758995,-0.02697427198290825,-0.007691970095038414,22.0,0.0006461429875344038,-0.0022842276375740767,0.00011641391756711528,-0.01845581829547882,0.033545587211847305,0.002972380490973592
1685054323531116300,0,54323.53125,1.0,0.0,0.0,0.0,0.0,0.0,0.0,16.0,0.00011630921653704718,0.001834565307945013,-0.00031235208734869957,-0.0259446669369936,0.15708057582378387,-0.030292749404907227,17.0,0.005047237034887075,-0.005290967877954245,-0.00046348795876838267,-0.0790853500366211,0.12313973158597946,0.0009402019204571843,18.0,-0.0034335132222622633,-0.0036870967596769333,0.0007504909299314022,-0.05557668209075928,0.026649486273527145,-0.0527397096157074,20.0,0.001381755224429071,0.001291958848014474,-0.00029833006556145847,-0.05007230117917061,0.030819734558463097,-0.041893355548381805,21.0,0.0002661791513673961,-0.0001612198248039931,-0.0002277615712955594,0.028864923864603043,0.04302317276597023,-0.048131197690963745,22.0,0.0012540328316390514,-0.0028688167221844196,-0.00019195201457478106,-0.021585382521152496,0.021231956779956818,-0.022353604435920715
1685054323540704100,0,54323.5390625,1.0,0.0,0.0,0.0,0.0,0.0,0.0,16.0,-0.00012990804680157453,-6.90432398187113e-06,0.0001506602275185287,-0.05706128105521202,-0.11488072574138641,0.0467996820807457,17.0,0.005324726924300194,-0.004674858879297972,-0.00015932346286717802,-0.06995059549808502,0.14116720855236053,0.04625416547060013,18.0,-0.0023454499896615744,-0.0038827084936201572,0.0006261711823754013,-0.03387125954031944,0.03167479485273361,0.01095737423747778,20.0,-0.00013687265163753182,0.0004822244809474796,0.0004343664040789008,-0.1474890559911728,-0.014803274534642696,0.08082892000675201,21.0,-0.0009359719115309417,0.0007191000622697175,0.0004865490482188761,0.013074495829641819,0.09135761857032776,0.08944796025753021,22.0,0.0012423136504366994,-0.0029935608617961407,5.467596201924607e-05,-0.02808954380452633,0.007339118979871273,0.031457334756851196
1685054323550711600,0,54323.55078125,1.0,0.0,0.0,0.0,0.0,0.0,0.0,16.0,0.0011198935098946095,-0.00030384876299649477,0.0002402319514658302,0.03824709728360176,0.00851494912058115,0.01897440105676651,17.0,0.003958620596677065,-0.005004695616662502,0.00018033120431937277,-0.07036495208740234,0.12997682392597198,0.050531014800071716,18.0,-0.0017525966977700591,-0.0038295371923595667,0.001100981142371893,-0.07507574558258057,0.06967634707689285,0.07222920656204224,20.0,0.00022593744506593794,-0.00033639316097833216,0.0012005915632471442,-0.013152030296623707,-0.032531920820474625,0.0934385433793068,21.0,-0.0010957173071801662,7.264556916197762e-05,0.001286929938942194,0.0014865539269521832,0.08159064501523972,0.05363696068525314,22.0,0.00015871009964030236,-0.002473828848451376,0.00024276829208247364,-0.1143159493803978,0.052859459072351456,0.02443281188607216
1685054323561101400,0,54323.55859375,1.0,0.0,0.0,0.0,0.0,0.0,0.0,16.0,0.002086862688884139,-0.0014097989769652486,0.001021855277940631,0.06572367250919342,-0.06397713720798492,0.09709301590919495,17.0,0.0034661570098251104,-0.0038283534813672304,0.000998715520836413,-0.022478604689240456,0.08007108420133591,0.07267245650291443,18.0,-0.0015933895483613014,-0.004217188339680433,0.0014239813899621367,-0.009337961673736572,0.012045975774526596,0.059937261044979095,20.0,0.0008941543055698276,-0.001245638937689364,0.0013788894284516573,0.08159444481134415,-0.036496683955192566,0.04344090446829796,21.0,-0.0008271457045339048,-0.0007181807304732502,0.0014913538470864296,-0.05659322440624237,0.0014012785395607352,0.01132296584546566,22.0,-0.0003473008400760591,-0.0024979535955935717,0.0007154537597671151,-0.013813385739922523,0.024343514814972878,0.05338308587670326
1685054323570983800,0,54323.5703125,1.0,0.0,0.0,0.0,0.0,0.0,0.0,16.0,0.002856325823813677,-0.0038966690190136433,0.0015959099400788546,0.06003451347351074,-0.2682969868183136,0.08428870886564255,17.0,0.0026822362560778856,-0.002801180351525545,0.0015635963063687086,-0.13393740355968475,-0.018819961696863174,0.009754853323101997,18.0,-0.0015937534626573324,-0.0037950894329696894,0.0016606036806479096,-0.02417849190533161,-0.016204120591282845,0.05116904154419899,20.0,0.000984466401860118,0.0013061411445960402,0.0011727886740118265,0.04011313244700432,0.2596125900745392,0.00723200011998415,21.0,-0.0010049383854493499,-0.0025638113729655743,0.0012974693672731519,0.04362820088863373,-0.11214209347963333,0.056744348257780075,22.0,-0.0017524359282106161,-0.003099567722529173,0.001075598644092679,-0.06850357353687286,0.005713243968784809,0.04467793554067612
1685054323581149900,0,54323.578125,1.0,0.0,0.0,0.0,0.0,0.0,0.0,16.0,0.0009387078462168574,-0.0038465913385152817,0.0014390548458322883,-0.1522454172372818,-0.04494578018784523,0.016065340489149094,17.0,0.004012708086520433,-0.002092143055051565,0.0010681785643100739,0.13756223022937775,0.06001606956124306,0.050907209515571594,18.0,-0.0019998846109956503,-0.002656408818438649,0.001102051930502057,-0.01942927949130535,0.04728459194302559,-0.030575618147850037,20.0,-0.001315741683356464,-9.622881043469533e-05,0.0013555092737078667,-0.1273728907108307,-0.11356303095817566,0.044442567974328995,21.0,-0.0007977269706316292,-0.001124330796301365,0.0013206813018769026,-0.16789311170578003,0.07100014388561249,0.022916289046406746,22.0,-0.0010729092173278332,-0.003773550968617201,0.00113286345731467,0.06605368107557297,-0.026074664667248726,0.020087596029043198
1685054323590737000,0,54323.58984375,1.0,0.0,0.0,0.0,0.0,0.0,0.0,16.0,0.0008279994362965226,-0.0004968672292307019,-0.00030575261916965246,-0.2679786682128906,0.20222896337509155,-0.14440366625785828,17.0,0.005238433368504047,-0.003566535422578454,-0.0005888812593184412,-0.18023477494716644,-0.06465468555688858,-0.08032401651144028,18.0,-0.0011186248157173395,-0.0031898447778075933,0.00043834265670739114,-0.2035551220178604,-0.113793283700943,-0.04151536151766777,20.0,-0.0003194141900166869,-0.0008969255723059177,0.0005947622703388333,-0.10048337280750275,-0.1274164766073227,-0.05277162417769432,21.0,-0.000964804959949106,-0.0006709239678457379,0.0006369384354911745,-0.04196558892726898,-0.061279915273189545,-0.031188732013106346,22.0,-0.0012225464452058077,-0.0036537947598844767,0.00043412245577201247,-0.2394387423992157,-0.04417257755994797,-0.056155506521463394
1685054323600689100,0,54323.6015625,1.0,0.0,0.0,0.0,0.0,0.0,0.0,16.0,0.00251276814378798,-0.0009069729712791741,-0.0003916751593351364,0.05128754675388336,-0.08683112263679504,0.010362456552684307,17.0,0.006639300845563412,-0.001048291684128344,-0.0007783896289765835,-0.044037070125341415,0.03429866209626198,-0.019347766414284706,18.0,-0.00016576364578213543,-0.00301811913959682,-0.0004316484846640378,-0.06469900161027908,0.029130563139915466,-0.06923743337392807,20.0,0.001693924074061215,-0.0007006197702139616,-0.00010187267616856843,0.14319689571857452,0.02556331269443035,-0.05453580245375633,21.0,-0.0027714844327419996,-0.0011959041003137827,0.00018788267334457487,-0.05885187163949013,0.07359995692968369,-0.049811240285634995,22.0,-0.0014406468253582716,-0.003555558156222105,-0.00014292220294009894,-0.05621408298611641,0.04410606250166893,-0.05171063169836998
1685054323610713300,0,54323.609375,1.0,0.0,0.0,0.0,0.0,0.0,0.0,16.0,0.003586576785892248,0.0003797156095970422,-0.0005145444883964956,0.05135940760374069,0.0898938849568367,0.00020943634444847703,17.0,0.008126650005578995,-0.0012153631541877985,-0.0008758873445913196,0.013068553060293198,-0.13507017493247986,-0.005603816360235214,18.0,0.00018491323862690479,-0.003141939640045166,-0.0004188026941847056,-0.06119723245501518,-0.0399026945233345,0.01083824411034584,20.0,0.0005383802927099168,0.002483940217643976,7.439959153998643e-05,-0.11596507579088211,0.31573331356048584,0.027910999953746796,21.0,-0.0026884563267230988,-0.0027856777887791395,0.00027903183945454657,-0.007247289642691612,-0.04652724787592888,-0.03493683785200119,22.0,-0.001631181570701301,-0.004467863589525223,-0.00013017952733207494,-0.019614873453974724,-0.004414177965372801,0.0033452282659709454
1685054323620629800,0,54323.62109375,1.0,0.0,0.0,0.0,0.0,0.0,0.0,16.0,0.005250847898423672,0.0007070237188600004,-0.00042893795762211084,0.11518203467130661,0.004105771891772747,0.021779071539640427,17.0,0.007422927301377058,-0.001580441021360457,-0.0005339428316801786,-0.041036274284124374,-0.0676068514585495,-0.013221894390881062,18.0,0.00038826250238344073,-0.00306727085262537,-0.0009088281076401472,-0.06013110280036926,-0.026514453813433647,-0.0463930182158947,20.0,-0.0005673801642842591,-0.0001843558857217431,0.0001933173043653369,-0.14053194224834442,-0.25532811880111694,0.02292918972671032,21.0,-0.0026043110992759466,-0.001347221084870398,0.0003247747372370213,-0.050679661333560944,0.02387554571032524,0.06243151053786278,22.0,-0.002292435150593519,-0.0045934380032122135,0.00022331585932988673,-0.08565817773342133,0.0010598909575492144,0.03968655690550804
1685054323630741700,0,54323.62890625,1.0,0.0,0.0,0.0,0.0,0.0,0.0,16.0,0.005107504781335592,0.002025515539571643,-0.0001423802605131641,0.06334236264228821,0.1130611002445221,0.04036526009440422,17.0,0.00730952899903059,-0.0022309592459350824,-0.00016237175441347063,0.05752074718475342,-0.02791035920381546,0.05709157511591911,18.0,-0.00011825135152321309,-0.0030241047497838736,-7.460193592123687e-05,-0.004945109132677317,-0.01995724067091942,0.0779874250292778,20.0,-0.0016901997150853276,-0.0018718738574534655,0.0007472769939340651,-0.06431268900632858,-0.17926117777824402,0.06382225453853607,21.0,-0.0018657684559002519,3.34422365995124e-05,0.0007605755818076432,0.05275723710656166,-0.002023901790380478,0.021935686469078064,22.0,-0.0028330571949481964,-0.0035215301904827356,0.000355350726749748,-0.01362949050962925,0.03615226969122887,0.015501906163990498
1685054323640822000,0,54323.640625,1.0,0.0,0.0,0.0,0.0,0.0,0.0,16.0,0.004735629074275494,0.0004916409961879253,0.0003339225077070296,-0.00019052891002502292,-0.10785440355539322,0.061608195304870605,17.0,0.0064437007531523705,-0.002447819337248802,0.00030222474015317857,-0.0010328202042728662,-0.06651309132575989,0.03752458468079567,18.0,-0.0005961971473880112,-0.003483674954622984,0.0005156012484803796,-0.018923433497548103,-0.0357663556933403,0.056113895028829575,20.0,-0.0004131653986405581,-0.0016581591917201877,0.0006280160741880536,0.10973843932151794,0.030197376385331154,0.00042596235289238393,21.0,-0.0026568539906293154,-0.0009586872765794396,0.0007747740601189435,0.054775550961494446,0.04060320556163788,0.013086572289466858,22.0,-0.0032934159971773624,-0.0038528190925717354,0.0005871713510714471,-0.016401035711169243,-0.018983352929353714,0.026617472991347313
1685054323650625600,0,54323.6484375,1.0,0.0,0.0,0.0,0.0,0.0,0.0,16.0,0.0031614743638783693,0.002270891098305583,0.00017029633454512805,-0.010974135249853134,0.1660214215517044,-0.0017092074267566204,17.0,0.004692432936280966,-0.0042477441020309925,0.0003157905593980104,-0.014398385770618916,-0.016933439299464226,0.006472139153629541,18.0,-0.0014766643289476633,-0.0033934609964489937,-0.0002768679114524275,0.0373694933950901,0.020364416763186455,-0.08710215985774994,20.0,-0.00040103791980072856,-0.00021590726100839674,0.0004678873810917139,0.10288282483816147,0.08957508206367493,-0.01043193880468607,21.0,-0.002683728700503707,-0.001271020038984716,0.0006155545706860721,-0.022413818165659904,-0.11777517199516296,0.012526008300483227,22.0,-0.0037105469964444637,-0.0034734008368104696,0.0006343682762235403,0.04985671490430832,0.019538629800081253,0.005187592003494501
1685054323660662700,0,54323.66015625,1.0,0.0,0.0,0.0,0.0,0.0,0.0,16.0,0.0023630219511687756,0.0016313815722241998,-0.0002761639188975096,-0.12756042182445526,0.06647732108831406,-0.034210626035928726,17.0,0.0039762151427567005,-0.004749460611492395,-0.0001442709908587858,-0.0069773197174072266,0.054418694227933884,-0.005688687786459923,18.0,-0.002656357130035758,-0.00418879883363843,0.0007210748153738678,-0.10796996206045151,0.037010956555604935,0.09099876880645752,20.0,-0.0012251798762008548,0.0008302307687699795,0.0005693038692697883,-0.1506897509098053,0.18421508371829987,0.016491133719682693,21.0,-0.0029360782355070114,-0.0031045840587466955,0.0006773368804715574,-0.141061469912529,0.04609185457229614,-0.008183714002370834,22.0,-0.0034810490906238556,-0.0049110762774944305,0.0006171774002723396,-0.07089635729789734,0.0028395301196724176,0.0015384505968540907
1685054323671173100,0,54323.671875,1.0,0.0,0.0,0.0,0.0,0.0,0.0,16.0,0.002860013395547867,-0.0012219934724271297,-0.0005163091700524092,0.10289773344993591,-0.29787155985832214,-0.02794043906033039,17.0,0.003939334768801928,-0.004017299506813288,-0.0004941301303915679,-0.1025623008608818,-0.0369463749229908,-0.06036375090479851,18.0,-0.003672292921692133,-0.0035173010546714067,-0.00046802646829746664,-0.031145639717578888,0.022005796432495117,-0.13516436517238617,20.0,-0.0018982848851010203,-7.771650416543707e-05,0.00025404850021004677,-0.03014949895441532,-0.13141274452209473,-0.03887937590479851,21.0,-0.0023754287976771593,-0.0034685032442212105,0.00028243244742043316,-0.015005528926849365,-0.022730043157935143,-0.047657642513513565,22.0,-0.0035806510131806135,-0.005341049749404192,-0.0004253676743246615,-0.03963594138622284,-0.02748727612197399,-0.11724147945642471
1685054323680754100,0,54323.6796875,1.0,0.0,0.0,0.0,0.0,0.0,0.0,16.0,0.0019136712653562427,0.00012144099309807643,-0.0019874253775924444,-0.18936951458454132,0.20513147115707397,-0.16657774150371552,17.0,0.005485874600708485,-0.00518095912411809,-0.002090959809720516,-0.09718093276023865,0.12506742775440216,-0.0987134501338005,18.0,-0.003401339054107666,-0.004581013694405556,-0.0010482051875442266,-0.10683491080999374,0.002510409103706479,-0.08342719823122025,20.0,-0.0001382981863571331,0.0009317242074757814,-0.0007674316875636578,0.0578296035528183,0.17830045521259308,-0.11760477721691132,21.0,-0.0028055915609002113,-0.0036114647518843412,-0.0005967649049125612,-0.0036537942942231894,0.03202829137444496,-0.11634921282529831,22.0,-0.003739719744771719,-0.005613403860479593,-0.0009556509321555495,-0.12118978798389435,0.09372610598802567,-0.07991527765989304
1685054323690667300,0,54323.69140625,1.0,0.0,0.0,0.0,0.0,0.0,0.0,16.0,0.0023807468824088573,2.8759301130776294e-05,-0.0019891380798071623,0.039647139608860016,0.019224446266889572,-0.03462844341993332,17.0,0.005017953924834728,-0.006278518121689558,-0.001957676373422146,-0.06548742949962616,0.10652244836091995,-0.030019665136933327,18.0,-0.002985862083733082,-0.005639688577502966,-0.0011445815907791257,-0.010481900535523891,-0.009184644557535648,-0.04181986302137375,20.0,-0.0013850666582584381,0.0035272070672363043,-0.0005512156058102846,-0.13616740703582764,0.32389864325523376,0.00020761422638315707,21.0,-0.0027377952355891466,-0.003135865554213524,-0.00046683690743520856,-0.008295015431940556,0.026922833174467087,-0.07608597725629807,22.0,-0.003589887171983719,-0.0072690267115831375,-0.001602127100341022,-0.014325845055282116,-0.04723195359110832,-0.1013784408569336
1685054323700686500,0,54323.69921875,1.0,0.0,0.0,0.0,0.0,0.0,0.0,16.0,0.0010419777827337384,-0.0009549520327709615,-0.0011549805058166385,0.03832816332578659,-0.06017838418483734,0.04416587948799133,17.0,0.002464910736307502,-0.005640292540192604,-0.0010798341827467084,-0.013116896152496338,0.04571932181715965,-0.009173966012895107,18.0,-0.0052938321605324745,-0.005946482997387648,-0.0006064399494789541,-0.028164103627204895,0.044601574540138245,0.015513225458562374,20.0,0.0008196408161893487,-4.613162673194893e-06,-0.0003935484273824841,0.0666569322347641,-0.2936229407787323,-0.0017571912612766027,21.0,-0.0027274659369140863,-0.0016455466393381357,-0.0001630453480174765,-0.02966887690126896,0.03621750697493553,0.07142636179924011,22.0,-0.0019325544126331806,-0.007102079223841429,-0.000918971432838589,-0.004905116744339466,0.05439981073141098,0.030846083536744118
1685054323710672700,0,54323.7109375,1.0,0.0,0.0,0.0,0.0,0.0,0.0,16.0,0.0019684024155139923,-0.002820944646373391,-0.0009179257904179394,0.13769561052322388,-0.12790127098560333,-0.013681212440133095,17.0,1.6622718248981982e-05,-0.004969706293195486,-0.0006337235681712627,-0.1393011063337326,0.044634513556957245,-0.0033799747470766306,18.0,-0.006921129766851664,-0.005891937296837568,-0.00022239093959797174,-0.07207877933979034,0.055325642228126526,-0.0008718708413653076,20.0,0.0033979874569922686,-0.001972815953195095,-0.00046703763655386865,0.10980726033449173,-0.11057183891534805,-0.018968913704156876,21.0,-0.0017111696070060134,-0.002241370966657996,-0.00013365340419113636,-0.115440733730793,0.02245618961751461,-0.04310593381524086,22.0,-0.0012975884601473808,-0.00634214049205184,-0.0008496702648699284,-0.07582616060972214,0.07490526884794235,-0.02671923115849495
1685054323750713700,0,54323.75,1.0,0.0,0.0,0.0,0.0,0.0,0.0,16.0,0.0006969358073547482,-0.002854763763025403,3.167774775647558e-05,-0.08096741884946823,-0.056492168456315994,0.036720335483551025,17.0,-0.0005345896352082491,-0.005308668594807386,0.0002607811475172639,-0.020606474950909615,-0.057635221630334854,0.031715624034404755,18.0,-0.00757503742352128,-0.005502720363438129,5.308189429342747e-05,-0.023605739697813988,-0.030121341347694397,-0.039313774555921555,20.0,0.005674923304468393,-0.0021926402114331722,-6.510288949357346e-05,0.21691757440567017,-0.052608195692300797,0.0030237040482461452,21.0,-0.0019015312427654862,-0.003549001645296812,0.000429835868999362,0.005858100950717926,-0.0005003598635084927,-0.020809372887015343,22.0,-0.0016651377081871033,-0.005912127438932657,0.0003167363174725324,-0.011011815629899502,-0.013929548673331738,0.05865756794810295
1685054323751293200,0,54323.75,1.0,0.0,0.0,0.0,0.0,0.0,0.0,16.0,0.00016134446195792407,-0.0018319761147722602,-0.00014682381879538298,-0.0054072607308626175,-0.15096627175807953,0.05557232350111008,17.0,-0.00033939446439035237,-0.004890305455774069,3.985311559517868e-05,-0.10375505685806274,-0.03238969296216965,-0.01221544574946165,18.0,-0.007430566940456629,-0.005756533704698086,0.0007391251856461167,0.006618842016905546,-0.029775144532322884,0.022160856053233147,20.0,0.002629844006150961,-0.0005782018997706473,0.0002730481792241335,0.013525397516787052,0.0008821322699077427,0.012876778841018677,21.0,-0.0012547038495540619,-0.005643020384013653,0.0005265991785563529,-0.02443615347146988,0.07951241731643677,0.043484605848789215,22.0,-0.003037966787815094,-0.006795878522098064,-0.0006096541183069348,0.017382526770234108,-0.015230334363877773,0.011675594374537468
1685054323751740600,0,54323.75,1.0,0.0,0.0,0.0,0.0,0.0,0.0,16.0,-0.0005333974258974195,-0.0006565098301507533,-0.00040406076004728675,-0.10283854603767395,0.11256687343120575,-0.016145484521985054,17.0,0.0010455194860696793,-0.0047663976438343525,-0.0003698413784150034,0.020322073251008987,-0.0048674326390028,0.018857428804039955,18.0,-0.007167136296629906,-0.005381625611335039,0.0011961795389652252,-0.040148451924324036,0.050554074347019196,0.061681054532527924,20.0,0.0007299419958144426,-0.0019858370069414377,0.00028346662293188274,-0.08773203939199448,-0.12659727036952972,0.04466704651713371,21.0,-0.0032509949523955584,-0.004408149514347315,0.0005442544934339821,0.05886269733309746,-0.002576631959527731,0.056645866483449936,22.0,-0.003432725789025426,-0.00674454728141427,-0.0003174728772137314,0.01075394544750452,0.03466137498617172,0.03857104107737541
1685054323761840800,0,54323.76171875,1.0,0.0,0.0,0.0,0.0,0.0,0.0,16.0,0.0011623724130913615,-0.0010612986516207457,-0.00039529765490442514,0.1405714601278305,-0.099082350730896,0.0052531748078763485,17.0,0.0016919856425374746,-0.00434601167216897,-0.00029734880081377923,-0.023436037823557854,-0.028959786519408226,0.020854013040661812,18.0,-0.006785597652196884,-0.005780357401818037,0.0011446877615526319,-0.022525938227772713,-0.1114698275923729,0.014895599335432053,20.0,-0.0011373903835192323,-0.0012957219732925296,0.00044486249680630863,-0.09686997532844543,0.0005680806934833527,0.049683425575494766,21.0,-0.0037654347252100706,-0.004083821550011635,0.0006171481218189001,-0.012742036022245884,-0.01764555834233761,0.016848880797624588,22.0,-0.004027706105262041,-0.006838253233581781,-8.65341498865746e-05,-0.027114182710647583,-0.037883248180150986,0.026776023209095
1685054323782078300,0,54323.78125,1.0,0.0,0.0,0.0,0.0,0.0,0.0,16.0,0.0017657167045399547,-0.0029896877240389585,0.0008974557858891785,0.09019436687231064,-0.0620277039706707,0.0697227418422699,17.0,0.0018369975732639432,-0.002552789170295,0.0008707659435458481,0.02852797508239746,-0.04561137035489082,0.020441092550754547,18.0,-0.005125941708683968,-0.003968380857259035,0.0008913596393540502,0.013339078053832054,0.009923901408910751,0.005211546551436186,20.0,-0.0013846323126927018,-0.001724064932204783,5.494186552823521e-05,-0.03171351179480553,-0.013601899147033691,-0.022477513179183006,21.0,-0.0063187540508806705,-0.0038989833556115627,0.0003796110686380416,-0.04307578504085541,-0.005966531578451395,-0.01088097132742405,22.0,-0.005607334431260824,-0.006320536136627197,4.6475641283905134e-05,-0.01215185597538948,0.006664198357611895,-0.017311716452240944
1685054323791854400,0,54323.7890625,1.0,0.0,0.0,0.0,0.0,0.0,0.0,16.0,0.0025697490200400352,-0.0010735085234045982,0.0006114828865975142,0.014623775146901608,0.1482948511838913,-0.02495807595551014,17.0,0.000701695738825947,-0.0030863655265420675,0.0008833581232465804,-0.08759243041276932,-0.05061402916908264,-0.06184636428952217,18.0,-0.0047720917500555515,-0.003144100308418274,0.0007670321501791477,-0.019146963953971863,0.012805492617189884,-0.01805771328508854,20.0,-0.0021974605042487383,-0.002166189020499587,-0.0005782033549621701,-0.10567473620176315,-0.08542190492153168,-0.07904330641031265,21.0,-0.006297331769019365,-0.0036790678277611732,-0.0003081142785958946,-0.04106606915593147,-0.008918676525354385,-0.05898798629641533,22.0,-0.0057573202066123486,-0.005789920222014189,-0.000591112591791898,-0.04269013553857803,0.05222882702946663,-0.08338382840156555
1685054323801914300,0,54323.80078125,1.0,0.0,0.0,0.0,0.0,0.0,0.0,16.0,0.002031354233622551,0.001161030144430697,0.00010109596769325435,-0.08869197219610214,0.22339420020580292,-0.04857008904218674,17.0,0.001805690466426313,-0.004224756732583046,0.0003674884792417288,0.025794897228479385,0.07915624976158142,-0.033644381910562515,18.0,-0.004811614751815796,-0.0030368806328624487,0.00024335402122233063,-0.025042545050382614,0.04046769440174103,-0.0657668188214302,20.0,-0.0019700678531080484,0.00021693862800020725,-0.0007139072404243052,0.017208527773618698,0.23858675360679626,-0.03913544863462448,21.0,-0.005678566172719002,-0.0039825355634093285,-0.000468753045424819,-0.0824621170759201,-0.051410675048828125,-0.07401277124881744,22.0,-0.005517350975424051,-0.005881358403712511,-0.0008831581799313426,-0.02436687983572483,0.03213685005903244,-0.05605820193886757
1685054323821721300,0,54323.8203125,1.0,0.0,0.0,0.0,0.0,0.0,0.0,16.0,0.0016475510783493519,0.001707970048300922,-0.00029223470482975245,0.00180352374445647,0.14264455437660217,-0.043626781553030014,17.0,0.0012805922888219357,-0.004551652818918228,2.8080416086595505e-05,0.05893803760409355,0.059981927275657654,-0.02294139936566353,18.0,-0.004707312677055597,-0.003979885019361973,0.0007051266147755086,0.045740652829408646,0.025412146002054214,0.029804201796650887,20.0,-0.0021561707835644484,0.0014750371919944882,-7.917559560155496e-05,0.022468991577625275,0.2293984293937683,0.03949053958058357,21.0,-0.006614111363887787,-0.005194461438804865,0.00021702585218008608,-0.0452871136367321,0.11035594344139099,0.01176025066524744,22.0,-0.005467330105602741,-0.0060185715556144714,-0.0005348194390535355,0.04595300182700157,0.0867796465754509,0.017946671694517136
1685054323822247000,0,54323.8203125,1.0,0.0,0.0,0.0,0.0,0.0,0.0,16.0,0.0012052430538460612,0.00017389869026374072,-0.00038497871719300747,-0.08371623605489731,-0.06818163394927979,-0.02416740544140339,17.0,-7.197352533694357e-05,-0.0033168510999530554,-0.00010212788038188592,0.036513086408376694,0.04456447437405586,-0.02126973681151867,18.0,-0.0057280659675598145,-0.0037367730401456356,0.0003676593769341707,-0.06964502483606339,0.08229003846645355,-0.0549408495426178,20.0,-0.0012669679708778858,-0.0002489859180059284,-0.00028468010714277625,0.06023942679166794,-0.0819966122508049,-0.03354954347014427,21.0,-0.007717743515968323,-0.005472090095281601,0.00014381270739249885,-0.084633007645607,0.023305203765630722,-0.023765804246068,22.0,-0.005488812457770109,-0.006182656157761812,-0.0009234768222086132,-0.03844883665442467,0.06130282208323479,-0.0661010816693306
1685054323831761100,0,54323.83203125,1.0,0.0,0.0,0.0,0.0,0.0,0.0,16.0,-0.00024080551520455629,0.0015117950970306993,-0.0008387426496483386,-0.22836464643478394,0.1393328607082367,-0.06720149517059326,17.0,0.0010595605708658695,-0.004343907814472914,-0.0006979478639550507,-0.15575799345970154,-0.08569899946451187,-0.05316374450922012,18.0,-0.005631919484585524,-0.004482581280171871,0.00028349223430268466,-0.046050310134887695,-0.09356667101383209,-0.028849143534898758,20.0,-0.0007717130938544869,-0.0015927692875266075,-0.0005416441708803177,-0.008490299805998802,-0.1473148614168167,-0.03502999246120453,21.0,-0.008139828220009804,-0.005670764017850161,-5.173588579054922e-05,-0.04668881744146347,-0.055810678750276566,-0.044411659240722656,22.0,-0.0053532845340669155,-0.006665873806923628,-0.0015731139574199915,-0.050673529505729675,-0.05492890253663063,-0.11313586682081223
1685054323841811300,0,54323.83984375,1.0,0.0,0.0,0.0,0.0,0.0,0.0,16.0,0.000906418077647686,0.0022026016376912594,-0.0012415220262482762,0.09486442804336548,0.10304639488458633,-0.0706518217921257,17.0,0.001370490645058453,-0.005892302840948105,-0.0009165498777292669,-0.058854248374700546,-0.008005809038877487,-0.044066883623600006,18.0,-0.005804684013128281,-0.004719983320683241,-0.00015860391431488097,-0.023167245090007782,-0.01077266689389944,-0.06787005066871643,20.0,0.0008466523140668869,-0.00014825482503511012,-0.0008239480666816235,0.19013388454914093,0.131330668926239,-0.04114524647593498,21.0,-0.010098480619490147,-0.0059125833213329315,-9.360998956253752e-05,-0.06893301755189896,-0.03866221755743027,-0.010486421175301075,22.0,-0.006127623375505209,-0.006915717851370573,-0.0007154187187552452,-0.025426000356674194,0.03937148675322533,0.030283411964774132
1685054323851673900,0,54323.8515625,1.0,0.0,0.0,0.0,0.0,0.0,0.0,16.0,4.1896317270584404e-05,0.0008826774428598583,-0.0007345533813349903,-0.08359943330287933,-0.04792160168290138,0.018344905227422714,17.0,0.0027993384283035994,-0.0069499206729233265,-0.0006437369738705456,0.030803725123405457,0.04769796133041382,0.06707873195409775,18.0,-0.005192494485527277,-0.0046530854888260365,8.972842624643818e-05,0.027536343783140182,0.0730394721031189,0.0028648076113313437,20.0,-0.0018943871837109327,-0.0018749783048406243,-0.0007078389171510935,-0.2125740796327591,-0.1392185389995575,-0.0014631549129262567,21.0,-0.010769977234303951,-0.005577283911406994,-0.00011451469617895782,-0.10813271254301071,-0.01655910722911358,0.02971349097788334,22.0,-0.005973366089165211,-0.006925350055098534,-0.0006251450977288187,0.011378753930330276,0.04519248008728027,-0.028200270608067513
1685054323861861400,0,54323.859375,1.0,0.0,0.0,0.0,0.0,0.0,0.0,16.0,0.0010120277293026447,-0.00041072917520068586,-0.00018372992053627968,0.06461892277002335,-0.15190063416957855,0.028443673625588417,17.0,0.0019389827502891421,-0.007851991802453995,6.786348967580125e-05,0.025830872356891632,-0.03423134610056877,-0.006346873007714748,18.0,-0.004924646578729153,-0.005827782209962606,0.0003385098243597895,-0.006140316370874643,-0.10343923419713974,0.001974270446226001,20.0,-0.0037389518693089485,-0.0016582149546593428,-0.00048166365013457835,-0.16319392621517181,-0.04535955935716629,0.009534541517496109,21.0,-0.011695761233568192,-0.006506274454295635,5.3003128414275125e-05,-0.07314874231815338,-0.126615971326828,-0.015149801969528198,22.0,-0.005507905501872301,-0.007161175832152367,0.00021666739485226572,-0.0052558984607458115,-0.06476334482431412,0.06224433332681656
1685054323871642000,0,54323.87109375,1.0,0.0,0.0,0.0,0.0,0.0,0.0,16.0,0.0015985986683517694,-0.0013308037305250764,0.0004648205649573356,0.047187440097332,-0.06993388384580612,0.04703859984874725,17.0,0.00233610812574625,-0.007378383539617062,0.0006712830509059131,-0.04005252569913864,0.0028533528093248606,-0.012986104935407639,18.0,-0.004385442938655615,-0.006062071770429611,0.0011315611191093922,0.03395653888583183,0.034025486558675766,0.0608149878680706,20.0,-0.0034229345619678497,-0.0012914426624774933,-0.0003857928968500346,0.05217680707573891,0.02632071077823639,-0.00010181283141719177,21.0,-0.013603687286376953,-0.008190615102648735,0.00030168634839355946,-0.11167483776807785,-0.06108022853732109,0.007245280314236879,22.0,-0.005192533601075411,-0.007710833102464676,-5.4628362704534084e-05,0.0016916600288823247,-0.003841675352305174,-0.039133019745349884
1685054323891755900,0,54323.890625,1.0,0.0,0.0,0.0,0.0,0.0,0.0,16.0,0.002015326637774706,-0.0019077220931649208,0.0009294161573052406,0.08195160329341888,-0.07094062864780426,0.03256125748157501,17.0,0.0021730728913098574,-0.006777971517294645,0.001138469553552568,0.05649413913488388,0.012712960131466389,0.06117025762796402,18.0,-0.004618791397660971,-0.00650881277397275,0.0014603337040171027,0.028181450441479683,-0.02074069157242775,0.013364692218601704,20.0,-0.0041520074009895325,-0.0013984143733978271,0.0006891699158586562,-0.010901376605033875,0.0062639471143484116,0.09378484636545181,21.0,-0.013735122978687286,-0.010187897831201553,0.0013418070739135146,-0.028006961569190025,-0.02459857240319252,0.0725187212228775,22.0,-0.005248361267149448,-0.008084106259047985,0.0011323340004310012,0.020670397207140923,-0.0016037651803344488,0.10651230812072754
1685054323892301100,0,54323.890625,1.0,0.0,0.0,0.0,0.0,0.0,0.0,16.0,0.0025449474342167377,-0.002856313018128276,0.0011626238701865077,0.017804736271500587,-0.09936577081680298,0.04487719386816025,17.0,0.0014970728661864996,-0.0064070257358253,0.0014286736259236932,-0.04067115858197212,0.03633785620331764,0.06119852513074875,18.0,-0.004286135546863079,-0.006223978009074926,0.00152009807061404,0.02506556734442711,0.018089205026626587,0.018353475257754326,20.0,-0.004645299166440964,-0.002074982738122344,0.0010292695369571447,-0.08552736043930054,-0.06638066470623016,0.059251803904771805,21.0,-0.014226427301764488,-0.010866345837712288,0.0016849975800141692,-0.02879943698644638,0.03256881982088089,0.06620015949010849,22.0,-0.0051828837022185326,-0.008439850993454456,0.0014072726480662823,-0.02181220054626465,0.04613605886697769,0.04775780066847801
1685054323901935600,0,54323.90234375,1.0,0.0,0.0,0.0,0.0,0.0,0.0,16.0,0.0011857233475893736,0.0016342184972018003,0.0003342634590808302,-0.23514927923679352,0.3562418818473816,-0.05471031740307808,17.0,0.0012924624606966972,-0.008345353417098522,0.0007855487638153136,-0.13322928547859192,0.00674710376188159,-0.015507150441408157,18.0,-0.003754378529265523,-0.006396536249667406,0.0010675675002858043,-0.06725282222032547,-0.00990321859717369,-0.02891729399561882,20.0,-0.0029614942613989115,-0.0017836393089964986,0.0010487590916454792,0.05815283954143524,-0.07293406128883362,0.03452742099761963,21.0,-0.014456558972597122,-0.00999376829713583,0.001836008275859058,-0.02886730432510376,-0.06773478537797928,-0.037226200103759766,22.0,-0.004828321747481823,-0.008975192904472351,0.0010070705320686102,-0.028170302510261536,-0.06507779657840729,-0.021255038678646088
1685054323911882100,0,54323.91015625,1.0,0.0,0.0,0.0,0.0,0.0,0.0,16.0,-0.0011668871156871319,0.0008404829422943294,0.0006426736363209784,0.05968323349952698,0.00697416253387928,0.053900767117738724,17.0,-0.0010878370376303792,-0.007469620555639267,0.0010206225560978055,0.0892515778541565,-0.013916045427322388,0.037325650453567505,18.0,-0.006783293094485998,-0.006878864020109177,0.0013704325538128614,0.0813106819987297,-0.015652647241950035,0.04105859994888306,20.0,-0.0007598898955620825,-0.0029850145801901817,0.0011929802130907774,-0.11489694565534592,-0.17057070136070251,0.0412641204893589,21.0,-0.010275337845087051,-0.008175932802259922,0.0018441688735038042,0.17102210223674774,0.0634666234254837,0.01153027918189764,22.0,-0.0016674998914822936,-0.008408729918301105,0.0014329042751342058,0.04439004138112068,0.08424840867519379,0.05817347764968872
1685054323922349700,0,54323.921875,1.0,0.0,0.0,0.0,0.0,0.0,0.0,16.0,-0.0006562430062331259,0.00010034704610006884,3.7056230212328956e-05,0.046478040516376495,-0.007799994666129351,-0.03441034257411957,17.0,-0.003363538533449173,-0.0071576680056750774,0.0006399861886166036,-0.19978584349155426,0.07508013397455215,-0.030158918350934982,18.0,-0.00867176242172718,-0.006520487833768129,0.0013853622367605567,-0.11104059219360352,0.06182991713285446,0.019564839079976082,20.0,0.0005161290755495429,-0.0031553031876683235,0.0006853590602986515,-0.16998383402824402,-0.055317431688308716,-0.028328564018011093,21.0,-0.009118339978158474,-0.0074376449920237064,0.0013450505211949348,-0.07915215194225311,0.005019268486648798,-0.02708238735795021,22.0,0.0003223016974516213,-0.00734719168394804,0.0010122188832610846,-0.10769911110401154,0.057481344789266586,-0.024955077096819878
1685054323931753300,0,54323.9296875,1.0,0.0,0.0,0.0,0.0,0.0,0.0,16.0,-0.0018921411829069257,-0.0010490517597645521,-0.0003182703221682459,-0.016626866534352303,-0.01920626498758793,-0.019531412050127983,17.0,-0.002472246764227748,-0.007248698268085718,2.7612055419012904e-05,0.057467635720968246,0.05055641755461693,0.008520374074578285,18.0,-0.008756563067436218,-0.006211601663380861,0.001342950970865786,0.08126621693372726,0.09416154026985168,0.017729377374053,20.0,0.00011931454355362803,-0.0028485709335654974,0.000973189773503691,0.013063490390777588,0.05025632679462433,0.04332859814167023,21.0,-0.007326208986341953,-0.0068361759185791016,0.001485568005591631,0.08157967776060104,0.12798336148262024,0.02625041827559471,22.0,0.001438586856238544,-0.006746102124452591,0.0009734090999700129,0.10461777448654175,0.03910980001091957,0.0067327567376196384
1685054323952182700,0,54323.953125,1.0,0.0,0.0,0.0,0.0,0.0,0.0,16.0,-0.00020588123879861087,-0.004937789402902126,0.0001249231572728604,-0.07112821191549301,-0.1645982265472412,0.06387688219547272,17.0,-0.0004019590560346842,-0.005476237274706364,0.0001693165540928021,0.12219040095806122,-0.024809321388602257,-0.0007898603216744959,18.0,-0.007047572638839483,-0.006270888727158308,0.0004466228710953146,0.057601504027843475,0.014138503931462765,-0.017885969951748848,20.0,-0.0013963604578748345,-0.004581283312290907,0.0006707331631332636,0.08577675372362137,-0.008026999421417713,0.0010543211828917265,21.0,-0.005818636622279882,-0.00675493897870183,0.0009755732025951147,0.10235102474689484,-0.028466077521443367,-0.030047748237848282,22.0,0.0018653767183423042,-0.007481342647224665,-2.6667354177334346e-05,0.07552085816860199,-0.014249476604163647,-0.02817920409142971
1685054323961630900,0,54323.9609375,1.0,0.0,0.0,0.0,0.0,0.0,0.0,16.0,-0.00019215336942579597,-0.003521308535709977,-1.758681537467055e-05,-0.05026370659470558,0.18940085172653198,-0.009377961046993732,17.0,0.0005122906295582652,-0.005456260871142149,3.354786713316571e-06,0.027958840131759644,0.10587009787559509,0.03165779262781143,18.0,-0.005247869994491339,-0.005639808718115091,0.0008098731050267816,0.044533271342515945,0.13965514302253723,0.04274569824337959,20.0,-0.003321128897368908,-0.004033305216580629,0.0007298689451999962,-0.05274567753076553,0.10991723835468292,0.024515695869922638,21.0,-0.006667933892458677,-0.005649548023939133,0.0009607544634491205,0.11327692866325378,0.1400982141494751,0.0044823139905929565,22.0,0.0009473629761487246,-0.006665162742137909,3.0702554795425385e-05,-0.0029635103419423103,0.1575266569852829,-0.008775971829891205
1685054323971698000,0,54323.97265625,1.0,0.0,0.0,0.0,0.0,0.0,0.0,16.0,0.0011418230133131146,-0.003179428866133094,-4.8775204049889e-05,-0.07957441359758377,-0.06990420073270798,-0.002171386731788516,17.0,0.0015138306189328432,-0.004594806116074324,-1.9391654859646223e-05,0.027018442749977112,-0.09970001876354218,-0.06279513239860535,18.0,-0.003981710411608219,-0.004569970071315765,-4.121795791434124e-05,-0.06233745440840721,-0.03400278091430664,-0.0866413563489914,20.0,-0.004131748341023922,-0.0027711025904864073,0.00027276427135802805,-0.12252411991357803,0.02486751228570938,-0.03173540160059929,21.0,-0.007200760766863823,-0.0035955063067376614,0.0004832714912481606,0.012841439805924892,-0.022006815299391747,-0.050321225076913834,22.0,0.00040874903788790107,-0.005093528423458338,-0.0007196808001026511,-0.0417356975376606,0.010475913994014263,-0.09714329242706299
1685054323991775700,0,54323.9921875,1.0,0.0,0.0,0.0,0.0,0.0,0.0,16.0,0.0004473165899980813,-0.0013825715286657214,0.0007118560024537146,-0.038420017808675766,0.1026676818728447,0.044373806565999985,17.0,0.002372622722759843,-0.004932857118546963,0.0006878271815367043,0.007623376324772835,-0.027240777388215065,0.03042767383158207,18.0,-0.0022790906950831413,-0.003676172811537981,0.0007524319225922227,0.15493343770503998,0.01100117526948452,0.040732212364673615,20.0,-0.003653930500149727,-0.002111374633386731,0.0008719810284674168,0.24167585372924805,0.006473025772720575,0.029200468212366104,21.0,-0.007798659149557352,-0.002635728567838669,0.0011552806245163083,0.11368647962808609,0.03549943491816521,0.04735977202653885,22.0,-0.001137489452958107,-0.004031254444271326,0.0007645054720342159,0.09770514816045761,0.003065550932660699,0.09281086176633835
1685054323992293000,0,54323.9921875,1.0,0.0,0.0,0.0,0.0,0.0,0.0,16.0,0.0014176826225593686,-0.0015195111045613885,0.0007690798956900835,0.015803594142198563,-0.07706603407859802,0.007170466240495443,17.0,0.0034826535265892744,-0.004194850102066994,0.0006903655012138188,0.188130185008049,-0.06365250051021576,0.01510431244969368,18.0,-0.0011788529809564352,-0.002979663200676441,0.0010195521172136068,0.05254562944173813,-0.048566486686468124,0.021369319409132004,20.0,-0.005905130412429571,-0.001648510224185884,0.0006036212434992194,-0.15574131906032562,0.003170919604599476,-0.02948017045855522,21.0,-0.008697153069078922,-0.0008248094818554819,0.0007920256466604769,0.08574588596820831,-0.012856854125857353,-0.06549053639173508,22.0,-0.0015440316637977958,-0.003007671795785427,0.00037424475885927677,0.051319293677806854,-0.001640814240090549,-0.05529903247952461
1685054324001825700,0,54324.0,1.0,0.0,0.0,0.0,0.0,0.0,0.0,16.0,0.0018484721658751369,-0.0011888995068147779,0.00040906673530116677,-0.1443508118391037,-0.18119502067565918,-0.015049093402922153,17.0,0.005482683423906565,-0.003294447436928749,0.00014888927398715168,-0.06972059607505798,-0.07902950793504715,-0.01533194724470377,18.0,-7.621508848387748e-05,-0.0014386731199920177,0.0004224970762152225,-0.07649892568588257,-0.08152569830417633,-0.04417138919234276,20.0,-0.005987299606204033,-0.0014600573340430856,0.00019656785298138857,-0.10075584053993225,-0.1712390035390854,-0.03549109771847725,21.0,-0.008937167003750801,0.00023183500161394477,0.0003939611779060215,-0.09303729236125946,-0.05437525734305382,-0.05136479064822197,22.0,-0.0016577091300860047,-0.0017430585576221347,0.001007470884360373,-0.08863820880651474,-0.09000693261623383,0.06785498559474945
1685054324011958400,0,54324.01171875,1.0,0.0,0.0,0.0,0.0,0.0,0.0,16.0,0.0028894708957523108,0.00016293194494210184,3.759999526664615e-05,0.00480053573846817,0.03614841029047966,-0.017618346959352493,17.0,0.0068718548864126205,-0.00383117888122797,-0.00016864979988895357,0.09709227830171585,-0.05072441324591637,-0.02205723710358143,18.0,0.0013146527344360948,-0.000755517918150872,5.185343252378516e-05,0.053088556975126266,0.0025130200665444136,-0.02484719455242157,20.0,-0.0058125341311097145,0.0012536396970972419,0.0002286344242747873,-0.03439522907137871,0.21177195012569427,0.00278172898106277,21.0,-0.0069237882271409035,-0.00020026630954816937,0.0003075513814110309,0.10147008299827576,-0.020881904289126396,0.03385592997074127,22.0,-0.0010068485280498862,-0.0009023254970088601,0.0005809720605611801,0.06067957356572151,0.014242256060242653,-0.033837687224149704
1685054324021939300,0,54324.01953125,1.0,0.0,0.0,0.0,0.0,0.0,0.0,16.0,0.0031087310053408146,0.002221789676696062,3.348220343468711e-05,0.0894215777516365,0.1316819041967392,0.016583506017923355,17.0,0.008328711614012718,-0.004758630413562059,-0.00015468051424250007,0.13601861894130707,-0.00978434644639492,0.04874151945114136,18.0,0.0020793345756828785,-0.0013569300062954426,0.000717360875569284,0.1482197493314743,-0.04066995158791542,0.07947919517755508,20.0,-0.005492903292179108,0.0025637063663452864,0.001050932565703988,0.11160361766815186,0.11004407703876495,0.08417380601167679,21.0,-0.0046931784600019455,-0.00024062927695922554,0.0010027382522821426,0.23210835456848145,0.05048385635018349,0.01308639906346798,22.0,-0.0014571823412552476,-0.0008657951257191598,0.0007406158256344497,0.0718170553445816,-0.022339465096592903,0.025008773431181908
1685054324036780400,0,54324.03515625,1.0,0.0,0.0,0.0,0.0,0.0,0.0,16.0,0.0024888627231121063,0.001676892046816647,-0.0002745076490100473,-0.07068406045436859,-0.08185452967882156,-0.018286850303411484,17.0,0.00850070919841528,-0.005167048424482346,-0.0005465165595524013,0.027771934866905212,-0.042173538357019424,0.007287238724529743,18.0,0.0020927770528942347,-0.001490510650910437,0.00021462104632519186,0.007366064470261335,-0.04187574237585068,-0.040786318480968475,20.0,-0.002959983656182885,0.0013039720943197608,0.0006989794201217592,0.2789303958415985,-0.1533040553331375,-0.031045228242874146,21.0,-0.0052555883303284645,0.0011690164683386683,0.0008557449327781796,0.02945500984787941,0.017986150458455086,-0.04528886452317238,22.0,-0.0011679998133331537,-0.0006583829526789486,0.0005051373736932874,0.05293329060077667,0.004881939385086298,-0.018129965290427208
1685054324040781000,0,54324.0390625,1.0,0.0,0.0,0.0,0.0,0.0,0.0,16.0,0.0025895109865814447,0.0007047825492918491,-0.00037307789898477495,-0.022781120613217354,-0.023952899500727654,-0.002115504117682576,17.0,0.008435194380581379,-0.005341626703739166,-0.0006655773031525314,-0.09752451628446579,0.0854659304022789,-0.013616140931844711,18.0,0.0024443098809570074,-0.001663657953031361,1.8748751244856976e-05,-0.012435576878488064,0.06899787485599518,-0.007436293177306652,20.0,-0.0025125478859990835,0.0011301902122795582,0.0008974739466793835,0.02006427012383938,0.08098720759153366,0.03847208619117737,21.0,-0.004808076191693544,0.000994663336314261,0.001054301974363625,0.04430413618683815,0.12473073601722717,0.022625258192420006,22.0,-0.0012562908232212067,-0.0002028217859333381,0.0008083496941253543,-0.013016811572015285,0.10123325139284134,0.04189933091402054
1685054324050084800,0,54324.05078125,1.0,0.0,0.0,0.0,0.0,0.0,0.0,16.0,0.00010444092913530767,0.0025484957732260227,-0.0008025714778341353,-0.20957688987255096,0.23313328623771667,-0.04576713964343071,17.0,0.009506271220743656,-0.006810608319938183,-0.0012883385643363,0.1428079456090927,0.08137243986129761,0.009427388198673725,18.0,0.0027950964868068695,-0.003084602765738964,-0.0001944224932231009,0.04866279661655426,0.027610907331109047,-0.00912690069526434,20.0,-0.0017260387539863586,0.000592172727920115,0.0005598627612926066,0.10532482713460922,0.04207165166735649,-0.007058627437800169,21.0,-0.0049166129902005196,0.0006771996268071234,0.0007773598190397024,0.230058491230011,0.002485796343535185,-0.0366092324256897,22.0,-0.0016952978912740946,-0.0006641054060310125,0.0006636188481934369,0.09892511367797852,-0.03474113345146179,-0.003622952615842223
1685054324059713100,0,54324.05859375,1.0,0.0,0.0,0.0,0.0,0.0,0.0,16.0,0.0012351453769952059,0.0011299814796075225,-0.0009042633464559913,0.006064074579626322,-0.07005329430103302,-0.018520239740610123,17.0,0.007804865017533302,-0.005214022938162088,-0.0012521686730906367,-0.2418862283229828,0.11659267544746399,-0.01606694608926773,18.0,0.0032473911996930838,-0.003282454563304782,-0.00047163464478217065,-0.07431119680404663,0.09487359970808029,-0.01562367845326662,20.0,0.00015037770208436996,0.0003681456728372723,1.8314052567802719e-06,0.09205005317926407,0.06113702431321144,-0.028967050835490227,21.0,-0.0036820725072175264,0.0015329917659983039,0.0002608704671729356,-0.057712946087121964,0.14279185235500336,0.008299771696329117,22.0,-0.0022555559407919645,0.00018028996419161558,0.0002663891646079719,-0.053291890770196915,0.09869550168514252,-0.0242892075330019
1685054324079919300,0,54324.078125,1.0,0.0,0.0,0.0,0.0,0.0,0.0,16.0,0.0024007202591747046,-0.0030277397017925978,-0.00045193798723630607,-0.18551070988178253,-0.028833290562033653,-0.06449893116950989,17.0,0.004244954790920019,-0.001671966747380793,-0.000697785522788763,-0.14247587323188782,0.09019919484853745,-0.04340149462223053,18.0,0.0009112590923905373,-0.0010884490329772234,0.0003299892705399543,-0.09729691594839096,0.007857906632125378,0.0010258154943585396,20.0,-0.0003242753155063838,0.0012084634508937597,-0.00033965439070016146,-0.00295630213804543,-0.020333878695964813,-0.10074439644813538,21.0,-0.0006521409377455711,0.0022668382152915,-0.00031970065901987255,0.04436524957418442,0.02569442428648472,-0.04348737746477127,22.0,-0.0019361894810572267,0.000423541700001806,-0.0003064812335651368,-0.09842032194137573,-0.026307806372642517,-0.0794379711151123
1685054324090019100,0,54324.08984375,1.0,0.0,0.0,0.0,0.0,0.0,0.0,16.0,0.0016948016127571464,-0.001084525603801012,-0.0005671491380780935,0.020952925086021423,0.1259860098361969,-0.0288186427205801,17.0,0.003581664524972439,-0.0007355412817560136,-0.0007698505069129169,-0.011921771802008152,-0.014423436485230923,-0.02339222840964794,18.0,0.00029182436992414296,-0.00032431958243250847,-0.00020754152501467615,0.07896643877029419,0.018319882452487946,-0.06120240315794945,20.0,-0.0009140027104876935,0.003736567683517933,-0.00011633850226644427,0.01827404275536537,0.3077935576438904,0.020894529297947884,21.0,0.0002849903830792755,0.0016726923640817404,-0.0001933365419972688,0.04509361460804939,0.07365622371435165,-0.0036432703491300344,22.0,-0.0017503866693004966,0.0006792182102799416,-0.00027660230989567935,0.021131059154868126,0.07747814804315567,0.003299322444945574
1685054324100177900,0,54324.09765625,1.0,0.0,0.0,0.0,0.0,0.0,0.0,16.0,0.0005294200382195413,0.0014532688073813915,-0.0009598495671525598,-0.09564681351184845,0.17893058061599731,-0.05921248719096184,17.0,0.003266188781708479,-0.0014022464165464044,-0.0010956013575196266,-0.07341115921735764,-0.04155687987804413,0.006163636688143015,18.0,-0.0005568946362473071,-5.0879123591585085e-05,-0.0003581181517802179,-0.04229153320193291,-0.016517462208867073,-0.02332705818116665,20.0,0.0005708628450520337,0.0019309690687805414,-0.0001769142982084304,0.15036025643348694,-0.14205263555049896,-0.011375474743545055,21.0,-0.0007832623086869717,0.002294593956321478,-8.53458113851957e-05,-0.043650370091199875,-0.006923124194145203,0.001441058935597539,22.0,-0.00125274492893368,0.00022593350149691105,-0.0005603916943073273,0.0090500982478261,-0.04853379726409912,-0.036177877336740494
1685054324110205800,0,54324.109375,1.0,0.0,0.0,0.0,0.0,0.0,0.0,16.0,-0.0052660321816802025,0.0015959282172843814,-0.0006311191245913506,-0.0671008750796318,0.062221430242061615,0.01742098480463028,17.0,-0.0018640065100044012,-0.0033722640946507454,-0.0007327998173423111,-0.04538346827030182,-0.004758808761835098,-0.006709128152579069,18.0,-0.005587299354374409,-0.0004742694436572492,-0.00031943095382303,-0.015251590870320797,-0.013368752785027027,-0.004852282349020243,20.0,0.00567231560125947,0.0008470334578305483,1.0222618584521115e-05,0.11036313325166702,-0.1199667900800705,0.01589219830930233,21.0,0.003398907370865345,0.0032120500691235065,0.00015977819566614926,0.0014703350607305765,0.03020191192626953,0.02192675694823265,22.0,0.0023084001149982214,0.00036448310129344463,-0.00022869456734042615,-0.0413501039147377,-0.012242221273481846,0.025664793327450752
1685054324119708700,0,54324.1171875,1.0,0.0,0.0,0.0,0.0,0.0,0.0,16.0,-0.007560271769762039,0.0008770003914833069,-0.0004703069571405649,-0.0026972172781825066,-0.0808698758482933,0.006748860701918602,17.0,-0.0043124244548380375,-0.00466814823448658,-0.0005292441346682608,0.051249437034130096,-0.029137561097741127,0.015962503850460052,18.0,-0.008248315192759037,-0.0014804450329393148,-0.00041540912934578955,0.025618400424718857,-0.08639970421791077,-0.018352296203374863,20.0,0.00898798368871212,0.0011099705006927252,-5.9235691878711805e-05,0.15422287583351135,-0.020830243825912476,-0.010512026026844978,21.0,0.005482087377458811,0.002930782036855817,0.00017588758782949299,-0.012664549052715302,-0.05968431755900383,-0.008518089540302753,22.0,0.004798595327883959,6.368687900248915e-05,-0.00024932765518315136,0.02316812053322792,-0.09314204007387161,-0.013233987614512444
1685054324130260900,0,54324.12890625,1.0,0.0,0.0,0.0,0.0,0.0,0.0,16.0,-0.008870509453117847,0.00019674406212288886,0.00011075500515289605,-0.12633176147937775,-0.04752383008599281,0.056362904608249664,17.0,-0.005333389155566692,-0.0038987097796052694,-4.5227978262118995e-05,-0.0363692007958889,-0.00444358354434371,0.030994461849331856,18.0,-0.009082170203328133,-0.0016319525893777609,-0.00019450591935310513,-0.036100324243307114,0.018793165683746338,0.016503406688570976,20.0,0.009294978342950344,0.003620354225859046,0.0007065613172017038,-0.011713139712810516,0.26168933510780334,0.08190248906612396,21.0,0.006879145745187998,0.0006824610172770917,0.0008786576800048351,0.014516339637339115,0.032395172864198685,0.03917889669537544,22.0,0.00508408946916461,0.0002692069101613015,0.0003602869692258537,-0.09108389914035797,0.06834820657968521,0.05534455180168152
1685054324140048300,0,54324.140625,1.0,0.0,0.0,0.0,0.0,0.0,0.0,16.0,-0.007535210344940424,-0.0016391710378229618,0.0004982576356269419,0.07677953690290451,-0.280715674161911,0.046505242586135864,17.0,-0.004945651162415743,-0.002373628318309784,0.00027681139181368053,0.07925043255090714,-0.05304110422730446,0.03137471526861191,18.0,-0.008892128244042397,-0.0015868974151089787,0.00014007680874783546,0.02242938056588173,-0.08147824555635452,0.029304079711437225,20.0,0.007730470038950443,0.0022399979643523693,0.0009355249931104481,-0.052766669541597366,-0.19560985267162323,0.032147351652383804,21.0,0.006945456378161907,0.0005852697067894042,0.0009932004613801837,-0.07757429033517838,-0.14552776515483856,0.02555663138628006,22.0,0.005556521471589804,0.00010313316306564957,0.0006512324325740337,0.003739128587767482,-0.07299904525279999,0.026966728270053864
1685054324149681700,0,54324.1484375,1.0,0.0,0.0,0.0,0.0,0.0,0.0,16.0,-0.006573363207280636,-0.003230372443795204,0.0006889502983540297,-0.14450281858444214,-0.16005472838878632,0.03593285754323006,17.0,-0.0032645203173160553,-0.00019207189325243235,0.00021794563508592546,-0.08998425304889679,-0.022639872506260872,-0.0004891647840850055,18.0,-0.008457089774310589,-0.0004154870694037527,0.0001531608431832865,-0.15037879347801208,0.041301943361759186,0.0056125628761947155,20.0,0.008551999926567078,0.0018067507771775126,0.0007915967144072056,0.07007478177547455,0.01676122099161148,0.0061214338056743145,21.0,0.006050007417798042,0.0015335052739828825,0.0009632935980334878,-0.023275213316082954,0.09421699494123459,0.03906933218240738,22.0,0.005715794395655394,-0.0006671749870292842,7.000521873123944e-05,-0.08184539526700974,-0.017270313575863838,-0.05385155230760574
1685054324169762000,0,54324.16796875,1.0,0.0,0.0,0.0,0.0,0.0,0.0,16.0,-0.004121582023799419,-0.0008284396608360112,-0.00022533154697157443,0.18436501920223236,0.09667133539915085,-0.028745166957378387,17.0,-0.0023676143027842045,0.0002676413278095424,-0.00045074624358676374,0.015025090426206589,-0.02213754504919052,0.025197334587574005,18.0,-0.007525920867919922,0.0012226547114551067,0.00028822050080634654,0.053404513746500015,-0.021932214498519897,0.06753420829772949,20.0,0.007631446700543165,0.0029484257102012634,0.0005474418285302818,0.07243374735116959,0.05537261441349983,0.04207374528050423,21.0,0.004694161005318165,0.0018964852206408978,0.0007509641000069678,0.1358085721731186,-0.05120890215039253,0.011977428570389748,22.0,0.0047422898933291435,-0.00023108127061277628,-0.0007667766185477376,0.04645552113652229,-0.024666529148817062,-0.04247210547327995
1685054324170190300,0,54324.171875,1.0,0.0,0.0,0.0,0.0,0.0,0.0,16.0,-0.0036517982371151447,3.8612939533777535e-05,-9.846412285696715e-05,0.011833801865577698,0.037263497710227966,0.024168267846107483,17.0,-0.0002897146041505039,-0.00026485478156246245,-0.0004171956388745457,0.05954683572053909,-0.00041169000905938447,0.015371285378932953,18.0,-0.00652353186160326,0.0013990452280268073,-0.00014282141637522727,0.03656017407774925,-0.035626210272312164,-0.034975193440914154,20.0,0.005891060922294855,0.002879155334085226,0.0007961682276800275,-0.017805373296141624,0.030799247324466705,0.042519282549619675,21.0,0.003750984091311693,0.001592782442457974,0.0009458536515012383,-0.004189013037830591,-0.040961187332868576,-0.005625400226563215,22.0,0.0036536226980388165,-0.0008607030031271279,-0.00022894023277331144,0.031685926020145416,-0.03410840407013893,0.038787756115198135
1685054324179874600,0,54324.1796875,1.0,0.0,0.0,0.0,0.0,0.0,0.0,16.0,-0.0040280940011143684,0.0021935112308710814,-0.0004904947127215564,-0.11962488293647766,0.21056479215621948,-0.038042232394218445,17.0,0.0013876690063625574,-0.001557180774398148,-0.0008499399991706014,-0.03999379649758339,0.015129046514630318,-0.023900894448161125,18.0,-0.004892489407211542,0.001307330559939146,-0.00044384028296917677,-0.018519967794418335,0.026229538023471832,-0.030393226072192192,20.0,0.006373367737978697,0.001435502665117383,-0.00027666869573295116,0.1014506071805954,-0.08223948627710342,-0.09955646842718124,21.0,0.002118127653375268,0.002506049582734704,1.2061513189109974e-05,0.0658872127532959,0.039858680218458176,-0.04794368892908096,22.0,0.00246592634357512,-0.0007817347068339586,-0.00021973148977849633,0.0018881617579609156,0.03310081362724304,-0.02065153978765011
1685054324190268000,0,54324.19140625,1.0,0.0,0.0,0.0,0.0,0.0,0.0,16.0,-0.004436134826391935,0.0032250056974589825,-0.0006558430031873286,-0.08828496187925339,0.10343820601701736,-0.018841801211237907,17.0,0.002963942475616932,-0.004409636836498976,-0.0010275228414684534,0.04716479033231735,0.025197723880410194,-0.03560855984687805,18.0,-0.003350465092808008,0.00010807673970703036,-0.0005719192558899522,0.008544069714844227,-0.019325021654367447,-0.014940747991204262,20.0,0.005349839571863413,0.0010371825192123652,-0.00025427728542126715,-0.03422832861542702,-0.0170347411185503,0.0054657491855323315,21.0,0.0021701932419091463,0.001808513537980616,-3.8308320654323325e-05,-0.004967027343809605,0.0017605434404686093,0.026411591097712517,22.0,0.001113787991926074,-0.0012909802608191967,-0.00017068734450731426,-0.01089753769338131,-0.03762418404221535,-0.009939761832356453
1685054324220204800,0,54324.21875,1.0,0.0,0.0,0.0,0.0,0.0,0.0,16.0,-0.004206338431686163,-5.984232120681554e-05,-0.00048381276428699493,-0.024103505536913872,-0.0017463394906371832,-0.020010914653539658,17.0,0.00407800218090415,-0.0030040645506232977,-0.0011637380812317133,-0.03848138824105263,0.046874500811100006,0.0004645296139642596,18.0,-0.0010401480831205845,-0.0018885359168052673,-0.0005867434665560722,-0.026339808478951454,-0.0329313650727272,-0.0038272689562290907,20.0,0.004449788015335798,0.0003267543506808579,-0.00016594953194726259,0.004937498830258846,-0.11211839318275452,-0.00984219554811716,21.0,0.002943181898444891,0.00019469518156256527,-6.230564758880064e-05,0.03158881515264511,-0.048083432018756866,-0.02270769514143467,22.0,-0.00013499558554030955,-0.0027615365106612444,-6.824520096415654e-05,-0.010011161677539349,-0.08396182954311371,0.002321686130017042
1685054324220785200,0,54324.21875,1.0,0.0,0.0,0.0,0.0,0.0,0.0,16.0,-0.004027936607599258,-0.00042766958358697593,-0.00015562656335532665,0.04445749521255493,0.061458785086870193,0.0030714483000338078,17.0,0.004255926702171564,-0.0033734797034412622,-0.000834846927318722,-0.05513109639286995,0.07493507117033005,-0.03266123682260513,18.0,-0.0007065989775583148,-0.0020026119891554117,-0.000599522958509624,-0.004671660251915455,0.11575564742088318,-0.026186512783169746,20.0,0.004332524258643389,-0.00019984031678177416,9.044203761732206e-05,0.04987036809325218,0.029869267717003822,0.029151687398552895,21.0,0.002825880888849497,-0.0003315119247417897,0.00019411147513892502,0.06833600252866745,0.10500158369541168,0.006992361508309841,22.0,-0.0007348161307163537,-0.003181195817887783,-0.0002238542801933363,0.012136753648519516,0.07706551253795624,-0.01663176901638508
1685054324230678400,0,54324.23046875,1.0,0.0,0.0,0.0,0.0,0.0,0.0,16.0,-0.002622845582664013,-0.004129686392843723,0.0006716102943755686,0.08797170966863632,-0.3403416574001312,0.06287013739347458,17.0,0.0033691274002194405,-0.0009121645707637072,-7.259943231474608e-05,0.11149045079946518,0.03311605751514435,0.036306824535131454,18.0,-0.0012530938256531954,-0.0014140326529741287,-0.00023992972273845226,-0.02648131363093853,0.0026078629307448864,0.010015246458351612,20.0,0.004172616172581911,0.0001377779117319733,5.7832232414511964e-05,0.05034039542078972,0.03208703175187111,0.014902671799063683,21.0,0.002030112547799945,-0.0011410183506086469,0.000208172932616435,-0.08878491818904877,0.018208371475338936,0.023381803184747696,22.0,-0.0008000961388461292,-0.003593738190829754,-0.00032240187283605337,-0.025120925158262253,0.008499345742166042,-0.010848491452634335
1685054324240725500,0,54324.23828125,1.0,0.0,0.0,0.0,0.0,0.0,0.0,16.0,-0.0013674681540578604,-0.003268553176894784,0.0006767809973098338,0.028804467990994453,0.08987054973840714,-0.006276585627347231,17.0,0.0029732263647019863,-0.0007590543827973306,0.00012936680286657065,-0.06950394064188004,0.1284022331237793,-0.021032510325312614,18.0,-0.0014538444811478257,-0.0010199537500739098,0.00020903484255541116,-0.03088773787021637,0.06250707805156708,0.01899128593504429,20.0,0.0035841588396579027,-0.00020222387684043497,-0.00018728227587416768,-0.09188537299633026,0.025643570348620415,8.454924682155252e-05,21.0,0.0023961549159139395,-0.0017297231825068593,-0.00010170411405852064,0.01964244619011879,0.07406974583864212,-0.008266770280897617,22.0,-0.0005041313706897199,-0.0038842095527797937,-0.0006101849139668047,-0.06251247972249985,0.09459984302520752,-0.027399135753512383
1685054324251139000,0,54324.25,1.0,0.0,0.0,0.0,0.0,0.0,0.0,16.0,-0.00123419554438442,-0.0029942637775093317,0.0010013878345489502,0.008907546289265156,0.007566495798528194,0.027562841773033142,17.0,0.0034064166247844696,-0.00041161885019391775,0.0004210553888697177,0.012541987001895905,-0.0369783379137516,0.012201056815683842,18.0,-0.0021979454904794693,-0.0008644514600746334,0.00035596638917922974,-0.02085699327290058,-0.02094988524913788,-0.009257974103093147,20.0,0.0022441167384386063,-0.0005921791307628155,-0.0004052719450555742,-0.12602943181991577,-0.002255508676171303,-0.0043902648612856865,21.0,0.002409316599369049,-0.0016278285766020417,-0.000413822999689728,-0.008673370815813541,-0.02979615516960621,-0.04369097948074341,22.0,-2.8164187824586406e-05,-0.004757263697683811,-0.000639262842014432,0.0021941643208265305,-0.01649305410683155,-0.0019521802896633744
1685054324260652600,0,54324.26171875,1.0,0.0,0.0,0.0,0.0,0.0,0.0,16.0,-0.0025826357305049896,-0.001261051744222641,0.0007602211553603411,-0.13296523690223694,0.13769248127937317,-0.026217134669423103,17.0,0.003930834587663412,-0.0010324950562790036,0.00010597183427307755,0.005498699843883514,0.0457267202436924,-0.031157154589891434,18.0,-0.0023644326720386744,-0.00040379230631515384,0.00046911355457268655,0.01177229080349207,0.0385265089571476,-0.008898060768842697,20.0,0.0013885642401874065,-0.0009094142587855458,-0.00041089323349297047,-0.09156569838523865,-0.020022451877593994,0.006033186800777912,21.0,0.0023502197582274675,-0.002179720439016819,-0.0004733859095722437,0.01949993520975113,0.01818450726568699,0.0162148866802454,22.0,0.00025850028032436967,-0.004719843156635761,-0.0003565000370144844,-0.021844355389475822,0.039443135261535645,0.02823544107377529
1685054324270653800,0,54324.26953125,1.0,0.0,0.0,0.0,0.0,0.0,0.0,16.0,-0.0032818149775266647,0.001046589924953878,0.00024779324303381145,-0.055791761726140976,0.2255120575428009,-0.05642862990498543,17.0,0.004424440208822489,-0.0027443638537079096,-0.000334476149873808,-0.024251367896795273,-0.014328143559396267,-0.039705630391836166,18.0,-0.002221794566139579,-0.0011698621092364192,0.00047291521332226694,0.011980540119111538,-0.009368939325213432,-0.014191748574376106,20.0,-0.00011837783677037805,-0.0016760723665356636,-0.0004320905136410147,-0.15216729044914246,-0.06949334591627121,-0.0022286197636276484,21.0,0.002873110817745328,-0.0026389167178422213,-0.0006344057619571686,0.07068435847759247,-0.0017744838260114193,-0.04553905501961708,22.0,0.00041769217932596803,-0.004814018029719591,-0.000951780762989074,-0.0013895491138100624,0.006336866412311792,-0.0628279447555542
1685054324280614700,0,54324.28125,1.0,0.0,0.0,0.0,0.0,0.0,0.0,16.0,-0.0038126895669847727,0.001274066511541605,-1.122359299188247e-05,-0.07802126556634903,0.06517913937568665,-0.03455154225230217,17.0,0.00558529794216156,-0.0037775093223899603,-0.0007001202902756631,-0.06317204236984253,-0.0018274137983098626,-0.022042687982320786,18.0,-0.0015167107339948416,-0.0014085550792515278,0.00021611619740724564,-0.020475119352340698,0.06035313755273819,-0.03175407275557518,20.0,-0.000603427819442004,-0.0005407303106039762,-0.0006666289991699159,-0.0946563333272934,0.1256658285856247,-0.025131436064839363,21.0,0.0031838815193623304,-0.0025979550555348396,-0.0009200802305713296,0.017986180260777473,0.08087258040904999,-0.038251426070928574,22.0,0.0008221968892030418,-0.005451857578009367,-0.0012915394036099315,0.014459192752838135,-0.01883704960346222,-0.041614606976509094
1685054324300691900,0,54324.30078125,1.0,0.0,0.0,0.0,0.0,0.0,0.0,16.0,-0.003195519093424082,0.0006471230299212039,0.00030920514836907387,0.04581736773252487,-0.07781748473644257,0.017277812585234642,17.0,0.005565660540014505,-0.003962860442698002,-0.0003368504694662988,0.11549793183803558,0.03378847613930702,0.033631883561611176,18.0,-0.0008991744834929705,-0.002169811399653554,0.00048431201139464974,0.05284806340932846,-0.04765700921416283,0.01619154028594494,20.0,0.0002713296271394938,-0.0012575793080031872,-0.0001454963203286752,0.09647330641746521,-0.10456442087888718,0.036692142486572266,21.0,0.0031391773372888565,-0.0016595207853242755,-0.0003404296876396984,-0.028281372040510178,0.010357379913330078,-0.018094979226589203,22.0,0.0013919621706008911,-0.004424573387950659,-0.0007212650962173939,0.031910158693790436,0.03805520758032799,0.03951673582196236
1685054324301317400,0,54324.30078125,1.0,0.0,0.0,0.0,0.0,0.0,0.0,16.0,-0.0031596883200109005,-0.0005963031435385346,0.0004719733842648566,-0.01302493829280138,-0.08789092302322388,0.025343572720885277,17.0,0.005190173629671335,-0.0037498304154723883,-0.00020171049982309341,-0.023983968421816826,-0.03798457235097885,0.014528097584843636,18.0,-0.0005492051714099944,-0.0026659758295863867,-9.977268928196281e-05,0.02484559640288353,-0.015360408462584019,-0.04716048017144203,20.0,-3.584457590477541e-05,-0.001241251826286316,0.0004378654120955616,-0.04873454570770264,0.0006720032542943954,0.07008955627679825,21.0,0.0028319968841969967,-0.0016435591969639063,0.00024312765162903816,0.04590403661131859,0.010293056257069111,0.07020728290081024,22.0,0.0010979599319398403,-0.003928397316485643,0.00016171312017831951,-0.019950533285737038,0.034848786890506744,0.0924726277589798
1685054324311445100,0,54324.3125,1.0,0.0,0.0,0.0,0.0,0.0,0.0,16.0,-0.003646820317953825,-0.0023107498418539762,0.0010698323603719473,-0.004101515747606754,-0.17676472663879395,0.0830380842089653,17.0,0.004952708259224892,-0.0020487133879214525,0.00021074473625048995,0.026625623926520348,0.04999084398150444,0.07810840010643005,18.0,5.834809780935757e-05,-0.0026680459268391132,0.0012164913350716233,0.08600091934204102,-0.025102874264121056,0.15745793282985687,20.0,0.0016727445181459188,-0.002313359174877405,0.00039700986235402524,0.20472721755504608,-0.15615621209144592,0.024394763633608818,21.0,0.0018317863577976823,-0.0006100061582401395,0.00038138311356306076,0.021951885893940926,-0.015002239495515823,0.03840566799044609,22.0,0.0009300165111199021,-0.003866290207952261,5.261645492282696e-05,0.08515627682209015,-0.04606138542294502,0.00498472573235631
1685054324320779200,0,54324.3203125,1.0,0.0,0.0,0.0,0.0,0.0,0.0,16.0,-0.006187583319842815,-0.004046920221298933,0.0010839320020750165,0.08956455439329147,-0.08708016574382782,0.023219700902700424,17.0,0.0004706866748165339,-0.0018732750322669744,0.00032580207334831357,0.07188302278518677,-0.0037919559981673956,0.049129463732242584,18.0,-0.004240979440510273,-0.0015371828339993954,0.0010798738803714514,0.022706065326929092,0.08351636677980423,0.010049506090581417,20.0,0.004386580549180508,-0.0011079097166657448,0.00057452596956864,-0.22111916542053223,0.08395025134086609,0.04577028378844261,21.0,0.007493225391954184,-0.00024647897225804627,0.00036030967021360993,0.05454890802502632,0.01016856450587511,0.046862758696079254,22.0,0.004652320872992277,-0.0034394031390547752,0.00039823554106988013,0.037317775189876556,0.011830780655145645,0.053949788212776184
1685054324331123100,0,54324.328125,1.0,0.0,0.0,0.0,0.0,0.0,0.0,16.0,-0.007849160581827164,-0.00377905135974288,0.0009843511506915092,-0.02104145474731922,0.025929730385541916,0.007044826168566942,17.0,-0.001982365967705846,-0.0017407550476491451,0.0003107673255726695,-0.0988612249493599,0.010377855040133,0.005524001084268093,18.0,-0.0068674031645059586,-0.0012598210014402866,0.0006973377312533557,-0.03623442351818085,-0.008336148224771023,-0.019711144268512726,20.0,0.006521496456116438,-0.0016306409379467368,0.0006424725870601833,-0.03350204601883888,-0.09227394312620163,0.03477960079908371,21.0,0.008712795563042164,0.00037742071435786784,0.00048760860227048397,-0.20348551869392395,-0.033836498856544495,0.020617609843611717,22.0,0.007209214381873608,-0.0024318313226103783,0.00021546451898757368,-0.03283005952835083,0.03049389272928238,0.0009568789973855019
1685054324340849600,0,54324.33984375,1.0,0.0,0.0,0.0,0.0,0.0,0.0,16.0,-0.008178970776498318,-0.002485608449205756,0.0005747125251218677,-0.015287911519408226,0.09449803084135056,-0.03116682358086109,17.0,-0.0026069912128150463,-0.0018982694018632174,-1.3735959782934515e-06,-0.04412592947483063,-0.014164973981678486,-0.007152159698307514,18.0,-0.007837447337806225,-0.0007675362867303193,0.0009411555947735906,-0.03258112072944641,0.023750800639390945,0.03789946809411049,20.0,0.00808684527873993,-0.00251981639303267,6.02284781052731e-05,0.09274157881736755,-0.1299910992383957,-0.03605788201093674,21.0,0.008167973719537258,0.0009892740054056048,4.5075066736899316e-05,-0.03823264315724373,-0.0255532655864954,0.008785395883023739,22.0,0.008136986754834652,-0.0014041864778846502,0.00038415228482335806,-0.007500858977437019,0.013683505356311798,0.03384864330291748
1685054324361307200,0,54324.359375,1.0,0.0,0.0,0.0,0.0,0.0,0.0,16.0,-0.008003223687410355,-0.0003283603582531214,0.00031920766923576593,-0.050820816308259964,0.2462061643600464,-0.060589272528886795,17.0,-0.0019128451822325587,-0.002729742554947734,-0.0001670373894739896,-0.048648178577423096,0.06076311320066452,-0.061075497418642044,18.0,-0.007383835501968861,-0.0008991443901322782,0.0007584358681924641,-0.011860840953886509,0.07395370304584503,-0.042836423963308334,20.0,0.00786161795258522,-0.0026628500781953335,-0.0003564613580238074,0.007989078760147095,0.006624838802963495,-0.06343144178390503,21.0,0.006868042983114719,0.0011492937337607145,-0.0002990488719660789,-0.06866414844989777,-0.08382715284824371,-0.06551672518253326,22.0,0.007946904748678207,-0.00038582898559980094,-0.00035983423003926873,-0.025584712624549866,0.054973918944597244,-0.09478779882192612
1685054324369890500,0,54324.3671875,1.0,0.0,0.0,0.0,0.0,0.0,0.0,16.0,-0.007240224163979292,0.0006181040080264211,-0.00013651506742462516,0.017089838162064552,0.11699870228767395,-0.03240184858441353,17.0,-0.001179330749437213,-0.004185901489108801,-0.0005061447154730558,0.10419467091560364,-0.03784475475549698,-0.0067183407954871655,18.0,-0.005773255135864019,-0.00149720988702029,0.0010526432888582349,0.11408783495426178,0.0032156691886484623,0.019362475723028183,20.0,0.0037879138253629208,0.00011889498273376375,0.00026739388704299927,-0.06539931893348694,-0.004567867144942284,0.04678218066692352,21.0,0.005063558928668499,-0.0011814433382824063,0.00018413440557196736,0.08010302484035492,0.015067026950418949,0.010950642637908459,22.0,0.006542654242366552,-0.00035722993197850883,-5.169600262888707e-05,0.06337203830480576,0.045926209539175034,0.007596076466143131
1685054324385010600,0,54324.3828125,1.0,0.0,0.0,0.0,0.0,0.0,0.0,16.0,-0.004497685469686985,-0.0007274154340848327,-6.175960879772902e-05,0.103117436170578,-0.10830847173929214,-0.02107996679842472,17.0,-0.0017349370755255222,-0.002868941519409418,-0.0002325987588847056,-0.06380029022693634,0.0011030734749510884,-0.04774341359734535,18.0,-0.005613645538687706,-0.0013745574979111552,0.0003814869560301304,-0.08086403459310532,0.01183620747178793,-0.06794269382953644,20.0,0.0040448447689414024,-0.0008394977194257081,-0.000107659085188061,0.08217281103134155,-0.09504154324531555,-0.04025966301560402,21.0,0.0033303953241556883,-0.0006895114202052355,-5.945218072156422e-05,-0.1701376736164093,-0.060768477618694305,-0.03476976603269577,22.0,0.005937922280281782,-0.00106640940066427,-0.000780770555138588,-0.022466756403446198,-0.043557312339544296,-0.08230743557214737
1685054324394313700,0,54324.39453125,1.0,0.0,0.0,0.0,0.0,0.0,0.0,16.0,-0.005454421974718571,0.0006128955283202231,-0.0001100229419535026,-0.1761821061372757,0.09368697553873062,-0.028532927855849266,17.0,0.0008305602241307497,-0.0031771501526236534,-0.0005494524957612157,-0.005241419188678265,-0.054129552096128464,-0.005125677213072777,18.0,-0.0038554843049496412,-0.0014536830130964518,0.00064836599631235,0.011279926635324955,-0.03942400962114334,0.03316492587327957,20.0,0.002230340149253607,-0.000723757257219404,9.648495324654505e-05,-0.06779876351356506,-0.05390762910246849,0.017281217500567436,21.0,0.002312370575964451,-0.0008096631499938667,9.114076965488493e-05,0.043081291019916534,-0.04416593536734581,0.013891068287193775,22.0,0.004787173587828875,-0.0010366486385464668,-0.0003303116245660931,0.005869421176612377,-0.030337290838360786,0.03177536278963089
1685054324414833000,0,54324.4140625,1.0,0.0,0.0,0.0,0.0,0.0,0.0,16.0,-0.003391886129975319,-0.0015966545324772596,0.0005560583085753024,-0.011640157550573349,0.01656161993741989,-0.02570551633834839,17.0,0.0008607675554230809,-0.002232728758826852,0.00016755798424128443,-0.027758793905377388,0.029925696551799774,-0.0040463474579155445,18.0,-0.003622402437031269,-0.0013738611014559865,0.0006962826009839773,-0.047217730432748795,0.046436607837677,-0.03296145424246788,20.0,-0.0004463701625354588,-0.0012448589550331235,0.0010226295562461019,-0.1521749347448349,-0.060596272349357605,0.0012882738374173641,21.0,0.0012264737160876393,-0.0026626281905919313,0.0009129174868576229,-0.04942469671368599,0.0005577265401370823,-0.0008677729638293386,22.0,0.0037839661817997694,-0.001065736752934754,0.0004965742118656635,-0.06711634993553162,0.03493886813521385,-0.004830904770642519
1685054324424290100,0,54324.42578125,1.0,0.0,0.0,0.0,0.0,0.0,0.0,16.0,-0.004158013500273228,-0.0007467607501894236,0.0005912524065934122,-0.10683087259531021,0.10976773500442505,0.0062305619940161705,17.0,0.0024201269261538982,-0.003087142249569297,5.450816752272658e-05,0.050182849168777466,0.0248121190816164,0.033916790038347244,18.0,-0.002404905389994383,-0.0017446159617975354,0.0009626664104871452,0.034555695950984955,0.02042374387383461,0.033966097980737686,20.0,-0.0004495696921367198,-0.001984658418223262,0.0009223975939676166,0.05657980591058731,-0.04937301203608513,-0.013614346273243427,21.0,0.00046670972369611263,-0.00227163964882493,0.0008609513752162457,0.02082272246479988,0.007904153317213058,-0.017935292795300484,22.0,0.003369864309206605,-0.0019060415215790272,0.0006210209685377777,0.02629067935049534,-0.007679167669266462,-0.002825390314683318
1685054324433866800,0,54324.43359375,1.0,0.0,0.0,0.0,0.0,0.0,0.0,16.0,-0.002922453684732318,-0.0005697602173313498,0.0007129361620172858,-0.006810251623392105,-0.0066375816240906715,0.028277598321437836,17.0,0.003269995329901576,-0.0031238957308232784,0.00022441048349719495,0.028213592246174812,-0.03165221959352493,0.027460889890789986,18.0,-0.0009602375794202089,-0.0025754475500434637,0.0011536073870956898,0.0011280423495918512,-0.09369953721761703,0.046725016087293625,20.0,-0.0003971813421230763,-0.001605488359928131,0.0011041132966056466,0.012261561118066311,-0.00035555276554077864,0.02414224110543728,21.0,0.0003976381558459252,-0.0027018433902412653,0.0010532836895436049,-0.0017086319858208299,-0.07202527672052383,-0.007322985213249922,22.0,0.002891967073082924,-0.002263713628053665,0.0008323164656758308,-0.04636293649673462,-0.0074311597272753716,0.017413968220353127
1685054324445221000,0,54324.4453125,1.0,0.0,0.0,0.0,0.0,0.0,0.0,16.0,-0.000878896564245224,0.00042536755790933967,0.00010181203833781183,0.06540943682193756,0.10015419870615005,-0.04430261626839638,17.0,0.004158297553658485,-0.004150290973484516,-0.00017740267503540963,-0.05878918617963791,0.014496203511953354,-0.0195536557585001,18.0,0.00042111307266168296,-0.002807870740070939,0.00036091168294660747,-0.009668172337114811,0.003783498192206025,-0.052167441695928574,20.0,0.0009979275055229664,-0.002874175552278757,0.0005672749830409884,0.1276273876428604,-0.15760962665081024,-0.04704492911696434,21.0,-0.0008331295684911311,-0.0014400766231119633,0.0006875491235405207,-2.5468476451351307e-05,0.046967796981334686,-0.015039974823594093,22.0,0.002916818717494607,-0.002874774392694235,0.0003651170409284532,0.021236209198832512,-0.0634424015879631,-0.04930073022842407
1685054324454222300,0,54324.453125,1.0,0.0,0.0,0.0,0.0,0.0,0.0,16.0,0.0007832570699974895,0.0019517261534929276,-0.0002818480716086924,-0.008123528212308884,0.1599019467830658,-0.027051957324147224,17.0,0.004844486713409424,-0.00573892705142498,-0.0003171266580466181,-0.06262798607349396,-0.00241401931270957,0.0011220457963645458,18.0,0.0013179045636206865,-0.003435007529333234,0.0002798166824504733,-0.08157499879598618,0.010212804190814495,0.010173731483519077,20.0,4.438379983184859e-05,-0.0022317685652524233,0.0004836741427425295,-0.17116709053516388,0.01179099828004837,-0.0007046409882605076,21.0,4.045717560074991e-06,-0.00039168851799331605,0.0004811614053323865,-0.02127119153738022,-0.08642854541540146,-0.024552712216973305,22.0,0.002536442130804062,-0.0022573790047317743,0.00032930276938714087,-0.10448595136404037,0.009264079853892326,-0.001445038360543549
1685054324474758500,0,54324.47265625,1.0,0.0,0.0,0.0,0.0,0.0,0.0,16.0,0.0033257780596613884,-0.0005182845634408295,-0.00037108600372448564,0.13235265016555786,0.023682117462158203,0.006796038243919611,17.0,0.005377627909183502,-0.00534585677087307,-0.0003438457497395575,-0.033210236579179764,0.0810028612613678,0.030731650069355965,18.0,0.0012836003443226218,-0.003916362766176462,0.000256942497799173,-0.04789366200566292,0.06623804569244385,0.04209427908062935,20.0,-0.0011368313571438193,-0.000704375677742064,0.00038423752994276583,-0.2520228326320648,0.0015292776515707374,0.04987231642007828,21.0,0.0004958384088240564,-0.00028212234610691667,0.0002721495693549514,-0.08865003287792206,0.025857403874397278,0.000286617549136281,22.0,0.0025058400351554155,-0.0010730726644396782,0.0002882228291127831,-0.07039874792098999,0.081941619515419,0.01650170236825943
1685054324484195400,0,54324.484375,1.0,0.0,0.0,0.0,0.0,0.0,0.0,16.0,0.003743256675079465,-0.0026314558926969767,0.000222704722546041,-0.0284257885068655,-0.16585741937160492,0.055084146559238434,17.0,0.006046985276043415,-0.004043471068143845,6.28407797194086e-05,-0.024797361344099045,0.07480352371931076,0.04768432676792145,18.0,0.0006907027564011514,-0.003702507121488452,0.0002892069751396775,-0.10732069611549377,0.042154911905527115,0.00258522666990757,20.0,-1.6767793567851186e-05,0.000577320228330791,0.00030372958281077445,0.03200281783938408,0.1630096435546875,0.004172203596681356,21.0,0.0011364490492269397,-0.0015316886128857732,0.0002316127938684076,-0.039229754358530045,-0.04437951743602753,0.053621556609869,22.0,0.002839883090928197,-0.002026001922786236,0.0007193668279796839,-0.076206736266613,-0.03407860919833183,0.06041467562317848
1685054324493720200,0,54324.4921875,1.0,0.0,0.0,0.0,0.0,0.0,0.0,16.0,0.003858929267153144,-0.003920306917279959,0.0003162231878377497,0.02220120094716549,-0.14395786821842194,0.004878516774624586,17.0,0.005961666814982891,-0.002565570641309023,4.470372368814424e-05,-0.08840987831354141,0.010107960551977158,0.009126391261816025,18.0,0.0003597885079216212,-0.003027189988642931,0.0003980066394433379,-0.03631136193871498,0.0009481608285568655,0.007026719395071268,20.0,-7.863485370762646e-05,0.00028459521126933396,0.0003499840386211872,-0.0263619814068079,-0.010288327932357788,0.016931461170315742,21.0,0.0009160262416116893,-0.0018081458983942866,0.0002887191076297313,-0.12300384044647217,-0.01762283593416214,-0.016118012368679047,22.0,0.0032327391672879457,-0.0017789117991924286,7.693464431213215e-05,-0.04804692417383194,0.05917632207274437,-0.04650499299168587
1685054324514302300,0,54324.515625,1.0,0.0,0.0,0.0,0.0,0.0,0.0,16.0,0.0020602333825081587,-0.0020140756387263536,2.343991945963353e-05,-0.15676526725292206,0.13441869616508484,-0.04230862483382225,17.0,0.005878837779164314,-0.0022084082011133432,-0.00034400480217300355,-0.007118235342204571,0.02474488504230976,-0.0043609412387013435,18.0,0.00013936785398982465,-0.0014813827583566308,0.0002064748405246064,-0.04776007682085037,0.04660315439105034,-0.013240273110568523,20.0,-0.00010802604811033234,0.00032041387748904526,4.683412043959834e-05,-0.03269551321864128,0.011007187888026237,0.00819696206599474,21.0,-0.0007857467280700803,-0.002228100784122944,0.00010067712719319388,-0.02072770707309246,0.046396851539611816,-0.027930591255426407,22.0,0.0035933339968323708,-0.0027726220432668924,-0.0006776704103685915,-0.05738117918372154,-0.017156116664409637,-0.05363641306757927
1685054324523910200,0,54324.5234375,1.0,0.0,0.0,0.0,0.0,0.0,0.0,16.0,0.002501999493688345,-0.00040837517008185387,-2.215772110503167e-05,0.06475713104009628,0.039088230580091476,-0.019582398235797882,17.0,0.004308233968913555,-0.0031952927820384502,-6.840059359092265e-05,-0.06473501026630402,-0.12124355137348175,-0.023900195956230164,18.0,0.00017928893794305623,-0.0014555808156728745,0.0004235377418808639,-0.013493185862898827,-0.08658556640148163,0.005723599344491959,20.0,-0.001708236988633871,0.0005936372326686978,0.00040620347135700285,-0.19552016258239746,-0.015468901954591274,0.03752956911921501,21.0,-0.0013121701776981354,-0.002258018357679248,0.0003883447789121419,0.12295309454202652,-0.02991371974349022,-0.003189820097759366,22.0,0.003306100144982338,-0.0023140106350183487,-0.0005448093288578093,-0.03157534822821617,0.010298057459294796,0.0017809263663366437
1685054324535428200,0,54324.53515625,1.0,0.0,0.0,0.0,0.0,0.0,0.0,16.0,-0.0024456835817545652,-0.0007495948811993003,0.00016896140004973859,-0.21236652135849,-0.06187034398317337,0.013017757795751095,17.0,0.002365661086514592,-0.0035748006775975227,-0.00017191511869896203,0.017115622758865356,0.014264803379774094,0.05171225592494011,18.0,-0.002056610304862261,-0.0020541073754429817,0.0007689055055379868,0.020578205585479736,-0.03863827884197235,0.03167513385415077,20.0,0.0021789055317640305,-0.0021558362059295177,0.00047655412345193326,0.11050210148096085,-0.30284643173217773,0.0215683002024889,21.0,3.2283143809763715e-05,-0.000686526473145932,0.0006173566216602921,-0.026903025805950165,-0.030719468370079994,0.036855947226285934,22.0,0.005327095277607441,-0.0026949408929795027,8.928758325055242e-05,-0.01705773174762726,-0.07835081964731216,0.06267248094081879
1685054324543696800,0,54324.54296875,1.0,0.0,0.0,0.0,0.0,0.0,0.0,16.0,-0.00238137342967093,0.0002888969029299915,0.00011993944644927979,0.11617724597454071,0.07508111745119095,-0.009376775473356247,17.0,-0.00048520031850785017,-0.0037357136607170105,0.00012381690612528473,-0.0421755313873291,-0.0204011183232069,-0.010459711775183678,18.0,-0.0041840155608952045,-0.0021411580964922905,0.000694981194101274,-0.040114328265190125,0.017755571752786636,-0.008216188289225101,20.0,0.003873145906254649,-0.0012121843174099922,0.0002543385489843786,-0.025218002498149872,0.044986654072999954,-0.005821045022457838,21.0,0.0013266118476167321,-0.00048514362424612045,0.00042466341983526945,-0.047862496227025986,0.04164683073759079,-0.03638742119073868,22.0,0.006427820771932602,-0.0024260131176561117,-0.0001688099728198722,-0.04262218624353409,-0.014747760258615017,-0.024682648479938507
1685054324553753200,0,54324.5546875,1.0,0.0,0.0,0.0,0.0,0.0,0.0,16.0,-0.0037415684200823307,-0.0008068265160545707,0.0004940266371704638,-0.0363578274846077,-0.19962038099765778,0.03596474975347519,17.0,0.0003016147529706359,-0.0027499112766236067,0.00018690874276217073,0.04995684698224068,-0.14987139403820038,0.007974356412887573,18.0,-0.005400152876973152,-0.0022770508658140898,0.0005035460344515741,0.019043104723095894,-0.12562289834022522,-0.01661350205540657,20.0,0.0065926481038331985,-0.0005494528450071812,0.00021134992130100727,0.2978120446205139,-0.05118473991751671,0.010404180735349655,21.0,0.0005410864832811058,-0.0005634024273604155,0.0006222033989615738,0.005997770465910435,-0.12833291292190552,0.043186355382204056,22.0,0.006145137827843428,-0.0024986150674521923,-1.4804013517277781e-05,0.03497886285185814,-0.1128045842051506,0.01375051774084568
1685054324565120600,0,54324.5625,1.0,0.0,0.0,0.0,0.0,0.0,0.0,16.0,-0.0032884657848626375,0.00019026697555091232,0.00034180894726887345,-0.06978479772806168,0.07412552088499069,-0.013614448718726635,17.0,0.00014377295156009495,-0.002981742611154914,0.00015340655227191746,-0.14219361543655396,-0.0009611296118237078,-0.006855970248579979,18.0,-0.005079938098788261,-0.0019319334533065557,0.0007078003254719079,-0.07127116620540619,-0.003731198376044631,0.023722011595964432,20.0,0.005390075966715813,0.0014346875250339508,-0.00019273285579402,-0.1506395936012268,0.1660034954547882,-0.02832322008907795,21.0,0.00048815718037076294,-0.0015498822322115302,0.00015021319268271327,-0.0812869668006897,-0.05879930779337883,-0.022454621270298958,22.0,0.005230375565588474,-0.002225968986749649,-1.654795414651744e-05,-0.10029764473438263,0.012335631065070629,-0.0005996871041134
1685054324583754700,0,54324.58203125,1.0,0.0,0.0,0.0,0.0,0.0,0.0,16.0,-0.0019355808617547154,-0.001307959551922977,0.0012921526795253158,0.1892208307981491,-0.09341543912887573,0.06712718307971954,17.0,-3.916805508197285e-05,-0.002642089733853936,0.001168056740425527,0.07157149910926819,0.035609278827905655,0.043395034968853,18.0,-0.005014427471905947,-0.0019767002668231726,0.0015105720376595855,0.0866238996386528,0.025240827351808548,0.053158123046159744,20.0,0.002444230718538165,0.0010984567925333977,0.00014394358731806278,-0.08331601321697235,0.04124310240149498,0.012553944252431393,21.0,1.227002121595433e-05,-0.000807492877356708,0.00031566809047944844,0.04653191938996315,0.08610301464796066,0.016862500458955765,22.0,0.004082136321812868,-0.0023539147805422544,7.548026769654825e-05,0.05192170292139053,0.05763760581612587,-0.013504237867891788
1685054324591709200,0,54324.58984375,1.0,0.0,0.0,0.0,0.0,0.0,0.0,16.0,-0.002433540066704154,4.0765467019809876e-06,0.0010110040893778205,-0.11056322604417801,0.1185566857457161,-0.042136698961257935,17.0,0.0009081009775400162,-0.003966237884014845,0.0008693398558534682,-0.06014971435070038,-0.03694528713822365,-0.029653923586010933,18.0,-0.004156035371124744,-0.0017476178472861648,0.0011838404461741447,-0.057533055543899536,-0.0035703673493117094,-0.044994473457336426,20.0,0.0006955464486964047,0.002050948329269886,0.0007966847042553127,-0.18945932388305664,0.0888582170009613,0.05247487872838974,21.0,0.00015292067837435752,-0.0013147987192496657,0.0008450268069282174,0.04841749370098114,0.011760400608181953,-0.013939815573394299,22.0,0.002686848398298025,-0.0024295884650200605,-0.00032354186987504363,-0.062434952706098557,-0.004077722784131765,-0.04649702459573746
1685054324592334000,0,54324.58984375,1.0,0.0,0.0,0.0,0.0,0.0,0.0,16.0,-0.0015598299214616418,0.0001574192865518853,0.0007228058530017734,0.04136526212096214,0.01440280582755804,-0.048830289393663406,17.0,0.0017818785272538662,-0.003812843468040228,0.0005811887094751,-0.028992269188165665,0.09789171814918518,-0.059226494282484055,18.0,-0.0031534985173493624,-0.0017520332476124167,0.0012012766674160957,-0.011846017092466354,0.013597608543932438,-0.016119029372930527,20.0,0.0007409744430333376,0.00223697442561388,0.0006778229144401848,0.03151986747980118,0.06624609977006912,-0.015081541612744331,21.0,0.00019856551080010831,-0.0011288163950666785,0.0007263937150128186,0.08287446945905685,0.0941307544708252,-0.05362073704600334,22.0,0.002112764399498701,-0.00252057914622128,-0.000370440015103668,0.025711387395858765,0.0032493071630597115,-0.030601007863879204
1685054324601853200,0,54324.6015625,1.0,0.0,0.0,0.0,0.0,0.0,0.0,16.0,-0.0012305600102990866,0.002538185566663742,0.00046861317241564393,-0.054922863841056824,0.25148507952690125,-0.04144106060266495,17.0,0.00269855628721416,-0.00463892100378871,0.0004221282433718443,0.03765375539660454,0.030469240620732307,-0.021794645115733147,18.0,-0.002305160276591778,-0.002008347539231181,0.0009286379790864885,-0.02700190059840679,0.06422547250986099,-0.04142244532704353,20.0,0.00034446376957930624,0.0011456748470664024,0.0004758619179483503,-0.018362456932663918,-0.029624423012137413,-0.00017602360458113253,21.0,-0.00041538727236911654,-0.0013171526370570064,0.0005362317315302789,0.05813588201999664,0.09788163751363754,-0.061047185212373734,22.0,0.0016261618584394455,-0.0029020621441304684,-0.0007984039257280529,-0.003708399599418044,-0.0003545234212651849,-0.0731738731265068
1685054324620454100,0,54324.62109375,1.0,0.0,0.0,0.0,0.0,0.0,0.0,16.0,-0.0012646784307435155,0.0006268704892136157,0.0002771258295979351,-0.09344083815813065,-0.1102704256772995,-0.042729057371616364,17.0,0.00356916687451303,-0.0038694359827786684,1.3419065908237826e-05,0.01938604563474655,0.040730688720941544,-0.054209984838962555,18.0,-0.0013404774945229292,-0.0026906714774668217,0.0007521169609390199,-0.004182477947324514,-0.0018450587522238493,-0.03402640298008919,20.0,0.0008023247355595231,0.00037661800161004066,0.00011534566874615848,0.03750846907496452,-0.038693707436323166,-0.05854250118136406,21.0,0.0003434248501434922,-0.00041584399878047407,0.0001493720628786832,0.05083248019218445,0.013289708644151688,-0.04246353730559349,22.0,0.0009494988480582833,-0.0026606775354593992,-0.0011775698512792587,-0.02547392249107361,0.06507989764213562,-0.05461365729570389
1685054324620782500,0,54324.62109375,1.0,0.0,0.0,0.0,0.0,0.0,0.0,16.0,-0.0005976286483928561,0.0011139720445498824,8.617205457994714e-05,-0.005018440540879965,-0.010807927697896957,-0.028662709519267082,17.0,0.0037182250525802374,-0.004465488716959953,-7.420449401251972e-05,0.0025052621494978666,-0.004695525858551264,0.008773497305810452,18.0,-0.0008975593373179436,-0.002744344063103199,0.0006527126533910632,-0.011790690943598747,-0.02721691131591797,-0.015215020626783371,20.0,0.0013301890576258302,0.0006765306461602449,0.0003490186354611069,0.0871451273560524,-0.03518180549144745,0.024456234648823738,21.0,0.0008712135604582727,-0.00011588439519982785,0.00038306854548864067,0.049091637134552,-0.032612934708595276,0.0033320868387818336,22.0,0.00044631026685237885,-0.002310433192178607,-0.0013329735957086086,-0.015046123415231705,-0.05680439993739128,-0.043704673647880554
1685054324631067900,0,54324.62890625,1.0,0.0,0.0,0.0,0.0,0.0,0.0,16.0,-0.0013060984201729298,0.0008957610698416829,-0.00020183244487270713,-0.1722060889005661,0.13177649676799774,-0.04448196291923523,17.0,0.005649486090987921,-0.003918144386261702,-0.0006596428574994206,-0.12182550132274628,0.17099064588546753,-0.011460481211543083,18.0,0.0001260711287613958,-0.0030998834408819675,0.0004988437285646796,-0.0522548072040081,0.13803312182426453,-0.016123780980706215,20.0,0.0014416086487472057,-0.00043101797928102314,-6.49022331344895e-05,0.006501026917248964,0.05251738801598549,-0.014323748648166656,21.0,0.0017215359257534146,0.0003619402996264398,-8.677283040015027e-05,0.030721891671419144,0.12336127460002899,0.010413577780127525,22.0,0.00022376628476195037,-0.001674539060331881,-0.0013438401510939002,-0.05342566594481468,0.14365799725055695,-0.030910082161426544
1685054324640611600,0,54324.640625,1.0,0.0,0.0,0.0,0.0,0.0,0.0,16.0,3.2716155828893534e-07,-0.0012761886464431882,0.00034992076689377427,0.1337563842535019,-0.19589059054851532,0.04404512792825699,17.0,0.0058703250251710415,-0.0036047559697180986,-0.00011933052883250639,0.06702642887830734,-0.0069452389143407345,0.044465865939855576,18.0,0.0004763141623698175,-0.0030800672248005867,0.0007601812249049544,0.026949390769004822,0.00511749554425478,0.03091108798980713,20.0,0.0027263944502919912,0.0011849519796669483,0.00024311261950060725,0.24603447318077087,0.16200511157512665,0.052725259214639664,21.0,0.0006132188136689365,-0.0009054488036781549,0.0003943982010241598,-0.006729923188686371,0.05839923769235611,0.04999925196170807,22.0,-0.00024072032829280943,-0.0019561348017305136,-0.0003249815490562469,0.005876786075532436,0.012297440320253372,0.07841524481773376
1685054324650533600,0,54324.6484375,1.0,0.0,0.0,0.0,0.0,0.0,0.0,16.0,-0.0004279947024770081,-0.000990919885225594,0.0003479021252132952,-0.13282182812690735,-0.058444373309612274,-0.000388073647627607,17.0,0.006771442946046591,-0.0037748224567621946,-0.00023073874763213098,-0.06211277097463608,-0.012564261443912983,0.03354869410395622,18.0,0.0007911298889666796,-0.0030020149424672127,0.0009619056945666671,-0.08207978308200836,-0.07343769073486328,0.03598099946975708,20.0,0.0011560325510799885,0.0010774550028145313,0.0003614755696617067,-0.15815716981887817,-0.07917148619890213,0.024329444393515587,21.0,0.0006754025816917419,-0.0005918911774642766,0.0004002927744295448,-0.04577738791704178,-0.045385729521512985,-0.02730214037001133,22.0,-6.157706229714677e-05,-0.0023492390755563974,0.00023196724941954017,-0.07302043586969376,-0.06454456597566605,0.04446059837937355
1685054324660786400,0,54324.66015625,1.0,0.0,0.0,0.0,0.0,0.0,0.0,16.0,7.075519533827901e-06,0.00031107390532270074,0.0003172550641465932,-0.027556611225008965,0.08242402225732803,0.005694759543985128,17.0,0.00715911528095603,-0.004583138506859541,-0.00015500883455388248,-0.05438356474041939,0.03534897416830063,0.025456514209508896,18.0,0.0014987749746069312,-0.0030770921148359776,0.000995526323094964,-0.032862477004528046,0.004789252765476704,0.028867127373814583,20.0,0.0008585381438024342,0.0014406507834792137,0.00042642498738132417,-0.06118026748299599,0.028272761031985283,0.016977611929178238,21.0,0.0007755266851745546,-0.0003467898932285607,0.0004387157969176769,0.03095245733857155,-0.03284206986427307,0.024444248527288437,22.0,0.00020562755526043475,-0.002656598575413227,0.00016884309297893196,-0.04009377211332321,-0.017773883417248726,-0.00882743950933218
1685054324671249400,0,54324.671875,1.0,0.0,0.0,0.0,0.0,0.0,0.0,16.0,0.0018198942998424172,-0.00011504741996759549,0.0006958527374081314,0.12449318915605545,-0.08701883256435394,0.06084654480218887,17.0,0.006732461974024773,-0.0045477100647985935,0.0004230841004755348,0.007020634599030018,-0.07110148668289185,0.10508453100919724,18.0,0.0014391697477549314,-0.003400136949494481,0.0011540937703102827,-0.04236592352390289,-0.02045179158449173,0.05149247497320175,20.0,-0.0002787262201309204,0.00284654856659472,0.001462117419578135,-0.165679469704628,0.14538457989692688,0.12563642859458923,21.0,0.0017851615557447076,-0.00041057824273593724,0.0013342172605916858,-0.043850235641002655,-0.048212166875600815,0.07234939932823181,22.0,0.0003403163282200694,-0.0029866229742765427,0.0005766102112829685,-0.06666043400764465,-0.015705371275544167,0.04929669573903084
1685054324680560200,0,54324.6796875,1.0,0.0,0.0,0.0,0.0,0.0,0.0,16.0,0.0028664139099419117,-0.0017614462412893772,0.000818929634988308,0.15657463669776917,-0.15442772209644318,0.03986455872654915,17.0,0.006872955244034529,-0.004802503157407045,0.0005689130048267543,0.005551607348024845,-0.008280874229967594,0.01482703723013401,18.0,0.000794272287748754,-0.004126488231122494,0.0008456713985651731,0.0024216817691922188,-0.03326745331287384,0.002235703868791461,20.0,0.0015127832302823663,0.00046293981722556055,0.0011478369124233723,0.19839666783809662,-0.16018739342689514,-0.004458545707166195,21.0,0.0005577412084676325,0.0007170523167587817,0.0012117584701627493,0.02808709815144539,0.0038090553134679794,0.04821914806962013,22.0,0.000364498671842739,-0.002817820757627487,0.0008236794965341687,0.046534858644008636,0.020156048238277435,0.034055162221193314
1685054324700664200,0,54324.69921875,1.0,0.0,0.0,0.0,0.0,0.0,0.0,16.0,0.003097131149843335,-0.0011696445289999247,0.000609368784353137,0.07977819442749023,0.00661460030823946,0.01162861566990614,17.0,0.006243828684091568,-0.004782252479344606,0.00047188744065351784,-0.05654222518205643,-0.0004960966762155294,0.0508882962167263,18.0,0.0003873755340464413,-0.004503204487264156,0.0010856341104954481,-0.013856776989996433,-0.00983509048819542,0.056264590471982956,20.0,0.00043979784823022783,0.0019148221472278237,0.00172912678681314,-0.11072485893964767,0.1652037799358368,0.08760444074869156,21.0,0.0011505630100145936,-0.0009699293877929449,0.0016919756308197975,-0.05182382091879845,0.050187405198812485,0.03489944338798523,22.0,0.0002955652307718992,-0.003060913411900401,0.0009357083472423255,-0.012870637699961662,-0.01929115131497383,0.03752407059073448
1685054324701150500,0,54324.69921875,1.0,0.0,0.0,0.0,0.0,0.0,0.0,16.0,0.0034631015732884407,-0.001913881511427462,0.00033005219302140176,-0.034783460199832916,-0.03894640505313873,0.004955267067998648,17.0,0.005100084003061056,-0.00397780817002058,0.0002673281414899975,-0.03796441853046417,-0.026876138523221016,0.003738116705790162,18.0,-0.0008016768842935562,-0.004015520215034485,0.0009604864753782749,-0.14643897116184235,0.07645227015018463,0.021023694425821304,20.0,0.0005756897735409439,0.0006292019970715046,0.001261553494259715,-0.14188796281814575,-0.023639678955078125,-0.007874720729887486,21.0,0.0013292839284986258,-0.0005008784355595708,0.0012147852685302496,-0.10641855746507645,0.012324661016464233,0.006448744330555201,22.0,0.00020871379820164293,-0.002827621065080166,0.0006221253424882889,-0.14623954892158508,0.07906081527471542,-0.007232211530208588
1685054324710600800,0,54324.7109375,1.0,0.0,0.0,0.0,0.0,0.0,0.0,16.0,0.0023109191097319126,-0.0013322071172297,0.0006933045224286616,0.01786179468035698,0.12334184348583221,0.06753243505954742,17.0,0.00463015865534544,-0.00441938079893589,0.0006122487247921526,-0.1120104268193245,0.07536422461271286,0.06049373745918274,18.0,-0.0014732389245182276,-0.0043505593203008175,0.0008680228493176401,0.026233313605189323,0.04312726855278015,0.02307293936610222,20.0,0.003198259975761175,-0.0019084594678133726,0.0014769402332603931,0.2989709973335266,-0.1367129385471344,0.06738118082284927,21.0,0.0007726066978648305,-0.00037018960574641824,0.0016357043059542775,-0.029866566881537437,0.1244264766573906,0.0729176476597786,22.0,-0.00031860993476584554,-0.002820135559886694,0.0014364426024258137,0.006741772871464491,0.09236523509025574,0.1055106371641159
1685054324722236000,0,54324.71875,1.0,0.0,0.0,0.0,0.0,0.0,0.0,16.0,0.0020329602994024754,-0.0007492495933547616,8.085305307758972e-05,0.03158095106482506,0.07044071704149246,-0.03629615902900696,17.0,0.004036943893879652,-0.0036136668641120195,2.0252837202860974e-05,-0.05011875927448273,-0.004546583630144596,-0.0063315448351204395,18.0,-0.0018661695066839457,-0.003962532617151737,0.0010634870268404484,-0.03870101645588875,0.04039269685745239,0.047821514308452606,20.0,0.003053667489439249,-0.0015625804662704468,0.0012289418373256922,-0.029549280181527138,0.06394103169441223,0.018142307177186012,21.0,0.00034811190562322736,-0.0008172677480615675,0.00140989082865417,-0.015623372048139572,0.0023467359133064747,0.006618964485824108,22.0,-0.0008931151824072003,-0.0025633107870817184,0.0012824761215597391,-0.06605035066604614,0.04625498875975609,0.012092255055904388
1685054324730606400,0,54324.73046875,1.0,0.0,0.0,0.0,0.0,0.0,0.0,16.0,-0.0006895067053847015,-0.0003886492922902107,-0.0003222953819204122,-0.10052099823951721,0.0807616114616394,-0.023560719564557076,17.0,0.0015887250192463398,-0.00419983547180891,-0.0003642356605269015,-0.1021449938416481,0.06094866991043091,0.0014645499177277088,18.0,-0.004473512526601553,-0.004156351555138826,0.0003788098110817373,-0.13581787049770355,0.03771335259079933,-0.04553837329149246,20.0,0.004491411615163088,0.0010683577274903655,0.001095277606509626,-0.1713622361421585,0.26869747042655945,0.028589552268385887,21.0,0.0019785992335528135,-0.0009012962691485882,0.001273785368539393,-0.03736862167716026,0.07779069989919662,-0.01525441836565733,22.0,0.001563739380799234,-0.003402143716812134,0.0006933133699931204,-0.09999854117631912,0.010640781372785568,-0.027644570916891098
1685054324740537900,0,54324.73828125,1.0,0.0,0.0,0.0,0.0,0.0,0.0,16.0,-0.0014933597994968295,-0.0007344899931922555,-0.0003758407838176936,0.08400090783834457,0.011175399646162987,0.007524494547396898,17.0,-0.0003207166737411171,-0.00445881113409996,-0.0003122652415186167,-0.03264252841472626,-0.024410704150795937,0.007877174764871597,18.0,-0.006095575168728828,-0.004555750638246536,0.0006450801156461239,-0.022806469351053238,0.0097124595195055,0.04771403595805168,20.0,0.0051333545707166195,0.0014431084273383021,0.0017273755511268973,-0.06051742658019066,0.07960495352745056,0.10467276722192764,21.0,0.002737828530371189,-0.0014379250351339579,0.0019017824670299888,-0.012251472100615501,-0.006649279501289129,0.051391687244176865,22.0,0.0026011881418526173,-0.0038340820465236902,0.0007985406555235386,-0.010908341035246849,0.014392324723303318,0.03185853734612465
1685054324750979600,0,54324.75,1.0,0.0,0.0,0.0,0.0,0.0,0.0,16.0,0.00033144166809506714,-0.0031292783096432686,-0.0008224470657296479,0.17545711994171143,-0.24088898301124573,-0.0373462550342083,17.0,-0.00204091751947999,-0.0035376744344830513,-0.0005670216050930321,-0.12331985682249069,-0.010339993983507156,-0.058611005544662476,18.0,-0.007321671582758427,-0.004136162810027599,8.006169082364067e-05,-0.1162877157330513,-0.009483542293310165,-0.04096262529492378,20.0,0.006605914328247309,-0.0004751546657644212,0.001071792095899582,0.031179435551166534,-0.1707325130701065,-0.03097572736442089,21.0,0.002663845894858241,-0.0011281402548775077,0.0013425883371382952,-0.09744222462177277,0.048816800117492676,-0.028469501063227654,22.0,0.0022413316182792187,-0.0035622178111225367,-0.00024493809905834496,-0.12396190315485,0.025205980986356735,-0.10131767392158508
1685054324760569300,0,54324.76171875,1.0,0.0,0.0,0.0,0.0,0.0,0.0,16.0,0.0005818011704832315,-0.0010199669050052762,-0.001162606873549521,0.03953797370195389,0.14415928721427917,-0.03013899177312851,17.0,-0.003076682798564434,-0.004322008229792118,-0.0006389279733411968,-0.06325012445449829,-0.0696394145488739,-0.016430765390396118,18.0,-0.007781108375638723,-0.003115192288532853,0.00038235000101849437,-0.03248598799109459,0.022550851106643677,0.04311808943748474,20.0,0.0063612754456698895,-0.0021857433021068573,0.0005784620880149305,-0.013784323818981647,-0.21066372096538544,-0.027328455820679665,21.0,0.0020654648542404175,-0.000965725805144757,0.0008660149178467691,0.01871442422270775,-0.027031490579247475,-0.03556942939758301,22.0,0.00129879720043391,-0.003100418485701084,-0.0002530589117668569,-0.03500014916062355,-0.0177710372954607,-0.014115295372903347
1685054324780737500,0,54324.78125,1.0,0.0,0.0,0.0,0.0,0.0,0.0,16.0,1.652927130635362e-05,-0.0026186308823525906,-0.000672109192237258,-0.049378518015146255,-0.0876619815826416,0.05229735001921654,17.0,-0.0035950983874499798,-0.0038116073701530695,-0.000254432117799297,0.020720545202493668,0.12770599126815796,0.04928632825613022,18.0,-0.007842970080673695,-0.003436574712395668,2.4267646949738264e-06,-0.021627992391586304,0.034472983330488205,-0.026084452867507935,20.0,0.004785929340869188,-0.001492415671236813,0.0011276262812316418,-0.1613609790802002,0.17754773795604706,0.05954473465681076,21.0,0.0030122098978608847,-0.0027398033998906612,0.0012535288697108626,-0.17969919741153717,-0.03550134599208832,0.02054021507501602,22.0,-0.00016610190505161881,-0.0034708331804722548,0.00017818075139075518,-0.04579012840986252,0.05462416261434555,0.03909336403012276
1685054324781179200,0,54324.78125,1.0,0.0,0.0,0.0,0.0,0.0,0.0,16.0,-0.003317256225273013,-0.003921722527593374,-5.666826473316178e-05,-0.30272752046585083,-0.17944645881652832,0.0675671249628067,17.0,-0.002586774528026581,-0.0028351612854748964,-0.0001820267498260364,0.10659224539995193,-0.007711861282587051,0.003128036390990019,18.0,-0.007443295791745186,-0.002744007855653763,0.00036395800998434424,0.03842964395880699,-0.021715113893151283,0.048373907804489136,20.0,0.0035818424075841904,-0.001700732042081654,0.0011317703174427152,0.021218668669462204,-0.043208736926317215,0.010307890363037586,21.0,0.001808205503039062,-0.002948244335129857,0.001257747528143227,0.09825733304023743,-0.041476041078567505,0.02991684526205063,22.0,-0.001249160384759307,-0.0038354783318936825,-1.828855420171749e-05,0.033385831862688065,-0.031323883682489395,-0.03671013563871384
1685054324790690600,0,54324.7890625,1.0,0.0,0.0,0.0,0.0,0.0,0.0,16.0,-0.0010325084440410137,-0.004113191273063421,-0.00040997096220962703,0.1987396627664566,-0.006775513291358948,-0.02977127581834793,17.0,-0.003961797337979078,-0.0022574537433683872,-0.0002068230096483603,-0.023111889138817787,0.11485674232244492,-0.022803520783782005,18.0,-0.007577839307487011,-0.001993130659684539,0.00030507336487062275,0.012749691493809223,0.06858065724372864,0.0006511581013910472,20.0,0.0031832417007535696,-0.0016009859973564744,0.0005597157287411392,0.153427392244339,0.05438663065433502,-0.0439402274787426,21.0,-0.0007178332307375968,-0.002223159885033965,0.0008283016504719853,-0.10471808910369873,0.0720733031630516,-0.04183896258473396,22.0,-0.0019736241083592176,-0.003901463933289051,-0.0002555623068474233,0.01756339520215988,0.08908466249704361,-0.0507524311542511
1685054324811172700,0,54324.80859375,1.0,0.0,0.0,0.0,0.0,0.0,0.0,16.0,-0.002225595060735941,-0.0005123732262291014,-0.0011516613885760307,-0.042365219444036484,0.0040964423678815365,-0.04576642066240311,17.0,5.561868965742178e-05,-0.004321376793086529,-0.0011959484545513988,0.007162128575146198,0.001385974232107401,-0.026027411222457886,18.0,-0.005932158790528774,-0.0020072609186172485,-0.00032796760206110775,0.004627356771379709,-0.0037826034240424633,-0.022880131378769875,20.0,-0.0003118502500001341,-0.0013892067363485694,0.0004222308925818652,-0.04800093173980713,-0.029223330318927765,-0.03734719008207321,21.0,-0.004372702911496162,-0.0019930945709347725,0.0007021379424259067,-0.04503284767270088,0.00769032072275877,-0.027033258229494095,22.0,-0.003368132747709751,-0.0033847736194729805,7.611433102283627e-05,0.019488973543047905,-0.044179268181324005,-0.07075382024049759
1685054324820567600,0,54324.8203125,1.0,0.0,0.0,0.0,0.0,0.0,0.0,16.0,-0.0010466781677678227,-0.003433575853705406,-0.00047853164141997695,0.0804002434015274,-0.34121617674827576,0.042724378407001495,17.0,0.0012703078100457788,-0.0024457587860524654,-0.0007581185782328248,0.10732527822256088,0.03397313132882118,-0.015169905498623848,18.0,-0.004541462752968073,-0.001967398449778557,-0.00031999146449379623,0.09108330309391022,-0.03464030101895332,-0.01616426557302475,20.0,-0.0001429132098564878,-0.0016658032545819879,0.00031938537722453475,0.08885166049003601,-0.05309481546282768,-0.02732529304921627,21.0,-0.004880127497017384,-0.0020832230802625418,0.000645073305349797,0.05411312356591225,-0.027126841247081757,-0.05334951728582382,22.0,-0.004224125761538744,-0.002659707795828581,0.00014389159332495183,0.015555602498352528,0.028450781479477882,-0.03247002884745598
1685054324830856500,0,54324.828125,1.0,0.0,0.0,0.0,0.0,0.0,0.0,16.0,3.0960163712734357e-05,-0.00354841654188931,9.821105777518824e-05,0.06015157699584961,-0.048147644847631454,0.04005918651819229,17.0,0.001308672595769167,-0.0020397198386490345,-0.00010249369370285422,0.017387744039297104,0.020722486078739166,-0.038008492439985275,18.0,-0.004160209093242884,-0.001201878534629941,-0.00040734949288889766,-0.00901069026440382,0.05475930497050285,-0.028670480474829674,20.0,-0.00044700346188619733,-0.0014767830725759268,0.00033131014788523316,-0.0014599740970879793,0.02255103923380375,-0.00833909772336483,21.0,-0.004229092039167881,-0.0021494741085916758,0.0005930096958763897,0.03319539874792099,-0.018367059528827667,-0.042154710739851,22.0,-0.004691051784902811,-0.0018981173634529114,0.00029113012715242803,-0.0009096711874008179,0.05907073989510536,-0.01288602128624916
1685054324840800500,0,54324.83984375,1.0,0.0,0.0,0.0,0.0,0.0,0.0,16.0,-0.00018236628966405988,-0.0016581740928813815,-2.1915720935794525e-05,-0.06578873097896576,0.1429632008075714,-0.02372223138809204,17.0,0.001144062029197812,-0.0021126281935721636,-0.00013297203986439854,0.03271424397826195,-0.03227049484848976,0.013917047530412674,18.0,-0.00390441482886672,-0.0005387521232478321,-0.00024535119882784784,-0.0019127061823382974,0.05237483233213425,-0.006572311744093895,20.0,-0.0007120744558051229,-0.0006431193323805928,0.00015228730626404285,-0.027161790058016777,0.07908716797828674,-0.017905376851558685,21.0,-0.0035810600966215134,-0.0024638185277581215,0.0003565586230251938,-0.017309201881289482,0.04328117147088051,-0.04163505509495735,22.0,-0.0040911417454481125,-0.0018332673935219646,5.764250090578571e-05,0.00984023604542017,0.015022034756839275,-0.03728415071964264
1685054324861103700,0,54324.859375,1.0,0.0,0.0,0.0,0.0,0.0,0.0,16.0,0.0004793165426235646,-0.0017761779017746449,0.0007230773917399347,0.054854866117239,-0.19124245643615723,0.00813112873584032,17.0,7.007857493590564e-05,-0.001700288732536137,0.0007605121936649084,-0.033125996589660645,0.012514167465269566,-0.028938457369804382,18.0,-0.004475986585021019,-0.00021586436196230352,0.0007040304481051862,0.023623988032341003,0.043259263038635254,-0.012032452039420605,20.0,-0.00011162212467752397,-0.0025416368152946234,0.0008327883551828563,-0.08133874088525772,-0.029904333874583244,0.026286236941814423,21.0,-0.0019821873866021633,-0.0028628536965698004,0.0009624732192605734,-0.005677615292370319,0.012970163486897945,-0.0175961684435606,22.0,-0.003417830215767026,-0.0017856471240520477,-0.00016496461466886103,0.04167621210217476,0.005426846910268068,-0.07646441459655762
1685054324870608900,0,54324.87109375,1.0,0.0,0.0,0.0,0.0,0.0,0.0,16.0,-0.003331765765324235,-0.00047246692702174187,0.000367393484339118,-0.36830970644950867,0.16232120990753174,-0.05670980364084244,17.0,0.001996808685362339,-0.002204793505370617,-8.420708763878793e-05,1.4589163583877962e-05,0.027740919962525368,-0.007452067919075489,18.0,-0.0038713200483471155,-0.000392640708014369,0.0005723711801692843,0.031964510679244995,0.012974245473742485,-0.03967945650219917,20.0,0.0016182494582608342,-0.001593693275935948,0.0003033079265151173,0.19882403314113617,0.10099244117736816,-0.04283826798200607,21.0,-0.0033976540435105562,-0.0019433629931882024,0.0006492426618933678,0.04726210609078407,0.06486450135707855,-0.01082924660295248,22.0,-0.003927074838429689,-0.0011673213448375463,-2.9963955512357643e-06,0.0020987296011298895,0.1178864985704422,-9.944946214091033e-05
1685054324880647100,0,54324.87890625,1.0,0.0,0.0,0.0,0.0,0.0,0.0,16.0,-0.00109284115023911,-0.0009752062032930553,0.0004285729955881834,0.14881931245326996,-0.10614588111639023,-0.012157994322478771,17.0,0.0008248539525084198,-0.002597950864583254,0.00031408731592819095,-0.031125299632549286,-0.06861074268817902,-0.040049586445093155,18.0,-0.004047380294650793,9.887929991236888e-06,0.0005056068184785545,-0.046459220349788666,-0.03539261966943741,-0.03017592802643776,20.0,0.0008870474412105978,-0.0004227211175020784,0.00019803200848400593,-0.09724707901477814,0.03429146856069565,0.0007251811330206692,21.0,-0.004330760333687067,-0.0016455776058137417,0.0005620935698971152,-0.22109100222587585,-0.04231562465429306,-0.026843763887882233,22.0,-0.003681669943034649,-0.0012710723094642162,-0.0004546174022834748,-0.03348128870129585,-0.030235648155212402,-0.060297269374132156
1685054324891145300,0,54324.890625,1.0,0.0,0.0,0.0,0.0,0.0,0.0,16.0,-0.0001219123660121113,-0.0016434640856459737,0.0005011492175981402,0.09368286281824112,-0.08025562018156052,-0.007611159700900316,17.0,0.00031898694578558207,-0.0023815359454602003,0.0004923644009977579,-0.024597514420747757,-0.037088580429553986,-0.014308672398328781,18.0,-0.004740772768855095,0.0006663466920144856,0.00045395162305794656,-0.02154177613556385,0.030567333102226257,-0.027910733595490456,20.0,0.0008598241256549954,0.00033430385519750416,7.759578875266016e-05,0.027167266234755516,0.05512388050556183,-0.0002528152253944427,21.0,-0.004679169971495867,-0.0017113464418798685,0.00046793921501375735,0.020036153495311737,0.02778664417564869,0.029240207746624947,22.0,-0.003757236525416374,-0.0014275034191086888,-1.0776589988381602e-05,0.008796142414212227,0.027682125568389893,0.030741935595870018
1685054324900606000,0,54324.8984375,1.0,0.0,0.0,0.0,0.0,0.0,0.0,16.0,-0.0011222355533391237,-0.0005158954299986362,0.0005976732936687768,-0.12126683443784714,0.09369302541017532,-0.001785983331501484,17.0,6.416816904675215e-05,-0.0032265419140458107,0.000608875066973269,-0.054460834711790085,-0.012110583484172821,-0.025137636810541153,18.0,-0.004640211816877127,0.0009067020146176219,0.0007493043667636812,0.015717463567852974,-0.0022599122021347284,0.01004514005035162,20.0,-0.00013081281213089824,-4.757133865496144e-05,-0.0006300124223344028,-0.10660640895366669,-0.042410049587488174,-0.062184128910303116,21.0,-0.003876305418089032,-0.0008287823293358088,-0.00036846872535534203,-0.06113455072045326,-0.029507460072636604,-0.056440871208906174,22.0,-0.002867304952815175,-0.0013110110303387046,-0.0002483099524397403,0.035776298493146896,0.006148285232484341,-0.030167924240231514
1685054324910509900,0,54324.91015625,1.0,0.0,0.0,0.0,0.0,0.0,0.0,16.0,-0.0025122305378317833,0.000247732677962631,0.0007830345421098173,-0.11264845728874207,0.11117666214704514,0.012304396368563175,17.0,-0.00017101677076425403,-0.00451118778437376,0.000776801782194525,0.04211794212460518,0.049482014030218124,0.02731354534626007,18.0,-0.004931223578751087,0.0007621837430633605,0.0012272496242076159,0.01614639349281788,0.06913777440786362,0.0365532711148262,20.0,-0.0012025210307911038,0.001254755537956953,-0.0002728834224399179,-0.07868677377700806,0.18444092571735382,0.045417141169309616,21.0,-0.0035204640589654446,-0.0017033204203471541,-9.97565730358474e-05,0.11738801002502441,0.044895924627780914,0.03644818067550659,22.0,-0.0028564389795064926,-0.0014936041552573442,-8.697932935319841e-05,-0.005131704732775688,0.05674128234386444,0.019643887877464294
1685054324921127000,0,54324.921875,1.0,0.0,0.0,0.0,0.0,0.0,0.0,16.0,-0.0009966356446966529,-0.0007321591256186366,0.001109261647798121,0.15632282197475433,-0.12333130091428757,0.033626098185777664,17.0,-0.0014797743642702699,-0.0024776686914265156,0.0012421489227563143,-0.01563374139368534,-0.013007264584302902,0.008139639161527157,18.0,-0.005338829476386309,0.00047899337369017303,0.0017870019655674696,0.03417512774467468,-0.05177619680762291,0.054826755076646805,20.0,-0.0013482981594279408,0.00039545795880258083,0.00012090112431906164,-0.02442990429699421,-0.08922494202852249,0.05158834904432297,21.0,-0.0023888363502919674,-0.0011321097845211625,0.0001995898928726092,0.012824548408389091,0.0015414434019476175,0.04261590540409088,22.0,-0.002312334720045328,-0.000641578168142587,0.0004081476654391736,0.01108847837895155,0.05473518744111061,0.06083755940198898
1685054324930558800,0,54324.9296875,1.0,0.0,0.0,0.0,0.0,0.0,0.0,16.0,-0.0046688891015946865,-0.0017258134903386235,0.0009404256707057357,-0.13028071820735931,-0.08200927823781967,-0.011326741427183151,17.0,-0.003438896033912897,-0.002326944377273321,0.0008453541086055338,-0.07211373746395111,-0.035771071910858154,-0.0013308267807587981,18.0,-0.008304593153297901,0.00027834094362333417,0.0013513767626136541,-0.04658174142241478,-0.03745899349451065,-0.03648671880364418,20.0,0.0037804709281772375,0.0005711919511668384,0.0002232824481325224,0.199088454246521,-0.003980441950261593,0.028051381930708885,21.0,0.0003096981381531805,-0.00200174143537879,0.00047451091813854873,0.041754577308893204,0.04800618439912796,0.01995731331408024,22.0,0.0010580517118796706,-0.001800305093638599,0.00040195509791374207,0.017113428562879562,-0.06241362914443016,0.019109025597572327
1685054324940514200,0,54324.94140625,1.0,0.0,0.0,0.0,0.0,0.0,0.0,16.0,-0.004283673129975796,-0.0016209714813157916,0.0013239089166745543,0.33617112040519714,0.08698567748069763,0.046135976910591125,17.0,-0.00570294912904501,-0.0016866265796124935,0.0014704237692058086,0.213299959897995,0.09646400809288025,0.05757460743188858,18.0,-0.010085726156830788,0.000991060514934361,0.002475729212164879,0.1978335678577423,0.09811483323574066,0.12490809708833694,20.0,0.005633249878883362,-0.0016767772613093257,0.0004604764690157026,0.1861053705215454,-0.1601155400276184,0.04464959725737572,21.0,0.001735712750814855,-0.0005727815441787243,0.0007242875872179866,0.11298218369483948,-0.009318303316831589,0.0206440556794405,22.0,0.002588313538581133,-0.001195211079902947,0.00048557223635725677,0.12005981802940369,0.10439187288284302,0.028144553303718567
1685054324960706500,0,54324.9609375,1.0,0.0,0.0,0.0,0.0,0.0,0.0,16.0,-0.00670905876904726,-0.0006526626530103385,0.0003301982651464641,-0.3186623454093933,0.08240100741386414,-0.042589835822582245,17.0,-0.003840765682980418,-0.0019306244794279337,0.00010198484233114868,-0.16153095662593842,-0.011519047431647778,-0.010941365733742714,18.0,-0.010106418281793594,0.001327665289863944,0.0008295832667499781,-0.11912693083286285,-0.00999425444751978,-0.0921449065208435,20.0,0.004395224619656801,-0.0019048277754336596,1.1517535313032568e-05,-0.29221561551094055,-0.05130947381258011,0.02405380643904209,21.0,0.0033230273984372616,-0.0007357567083090544,8.01043352112174e-05,-0.01607797108590603,-0.04567950591444969,0.002139938995242119,22.0,0.00391823286190629,-0.0006551295518875122,5.636276910081506e-05,-0.06573577970266342,-0.004929789341986179,0.02661038562655449
1685054324961148900,0,54324.9609375,1.0,0.0,0.0,0.0,0.0,0.0,0.0,16.0,-0.006253192666918039,-0.0011079374235123396,0.0006536700529977679,0.016868138685822487,-0.021287498995661736,0.049694035202264786,17.0,-0.0027110050432384014,-0.0007214657962322235,0.0002770002465695143,-0.0058187460526824,0.1248466745018959,0.03155733644962311,18.0,-0.008977369405329227,0.0009483140893280506,0.0009783071000128984,0.02105134353041649,-0.03838537260890007,0.0471777506172657,20.0,0.005921806208789349,-0.0013074672315269709,-0.00014641007874161005,0.18238580226898193,0.06154002249240875,0.01201174221932888,21.0,0.001542052486911416,-0.001004072604700923,0.00015471596270799637,-0.1366271823644638,0.002576976316049695,-0.027523668482899666,22.0,0.003907466307282448,-0.0007434169529005885,1.4105259651842061e-05,0.014490954577922821,-0.004624216817319393,0.022453995421528816
1685054324970566900,0,54324.96875,1.0,0.0,0.0,0.0,0.0,0.0,0.0,16.0,-0.005094821564853191,-0.0007006292580626905,0.00034015049459412694,0.018214263021945953,0.050305403769016266,-0.020709842443466187,17.0,-0.001590152969583869,-0.0010380151215940714,2.049319618890877e-06,-0.01807980053126812,0.06871466338634491,0.007511007599532604,18.0,-0.007301922421902418,0.0015791913028806448,0.0007660854025743902,-0.0065008229576051235,0.07030361145734787,0.003300311043858528,20.0,0.0037643229588866234,-0.00034314743243157864,-0.00028114113956689835,-0.17211765050888062,0.08920680731534958,0.005080719944089651,21.0,0.001606961595825851,-0.0015898735728114843,-0.00012623703514691442,0.006751736626029015,0.06499956548213959,-3.700827801367268e-05,22.0,0.0036338723730295897,-0.0005553363007493317,-0.0003889586078003049,-0.015479943715035915,0.04639201983809471,-0.02308238483965397
1685054324980651500,0,54324.98046875,1.0,0.0,0.0,0.0,0.0,0.0,0.0,16.0,-0.004419411066919565,-0.0009934651898220181,0.00045748366392217577,-0.013148702681064606,-0.006146363448351622,0.02637409418821335,17.0,-9.509215306024998e-05,-0.0014824038371443748,4.373611955088563e-05,0.11028855293989182,0.08442356437444687,0.06620975583791733,18.0,-0.005458034574985504,0.0015376535011455417,0.0008214584668166935,0.04591124877333641,0.04185272008180618,0.034309785813093185,20.0,0.0015412333887070417,-0.0008082041749730706,-0.0001650618651183322,-0.14059533178806305,-0.023365110158920288,0.03325159475207329,21.0,0.00237071025185287,-0.0011465268908068538,-0.0002207838697358966,0.07486427575349808,-0.004412049427628517,0.026828816160559654,22.0,0.0035168989561498165,-0.00021045720495749265,0.00021908133930992335,0.01794000342488289,0.04262905940413475,0.0852646604180336
1685054324990581400,0,54324.98828125,1.0,0.0,0.0,0.0,0.0,0.0,0.0,16.0,-0.003973052836954594,-0.0022802066523581743,0.000518412736710161,-0.11138412356376648,-0.16892985999584198,0.014745690859854221,17.0,0.001567794126458466,-0.0003098737506661564,-0.00013658226816914976,-0.023743072524666786,0.01499099936336279,-0.017973938956856728,18.0,-0.0036520049907267094,0.0014089267933741212,0.00020386937831062824,-0.0217340849339962,-0.050792451947927475,-0.0415785014629364,20.0,0.0011709254467859864,-0.0014542056014761329,-0.00047578048543073237,-0.0376058854162693,-0.10062418133020401,-0.01951921358704567,21.0,0.001486141816712916,-0.0007609392050653696,-0.0005007939180359244,0.0465894378721714,-0.012980306521058083,-0.045727044343948364,22.0,0.0036656248848885298,0.00014295020082499832,-0.00039736152393743396,-0.004028871655464172,-0.019017351791262627,-0.04370652511715889
1685054325000548800,0,54325.0,1.0,0.0,0.0,0.0,0.0,0.0,0.0,16.0,-0.0028379918076097965,-0.0015831339405849576,0.0003672782040666789,0.039548397064208984,0.025503121316432953,-0.007872847840189934,17.0,0.0034931646659970284,0.0005241486942395568,-0.0003739054372999817,0.034466702491045,0.08472449332475662,0.0004950715810991824,18.0,-0.0020606080070137978,0.0022014451678842306,-6.692075112368912e-05,0.03279177471995354,0.047163162380456924,-0.014324949122965336,20.0,0.0006826936732977629,-0.0033714149612933397,-0.0007855671574361622,0.004440865479409695,-0.23293758928775787,-0.027875475585460663,21.0,0.0018101076129823923,0.0015359650133177638,-0.0008859847439453006,0.17172938585281372,0.046247292309999466,-0.0337664932012558,22.0,0.003290746593847871,0.0012464352184906602,-0.00024817409575916827,0.03712357580661774,0.01306119468063116,0.0287120770663023
1685054325010582600,0,54325.01171875,1.0,0.0,0.0,0.0,0.0,0.0,0.0,16.0,-0.003465672954916954,-0.0024476114194840193,0.0006469811778515577,-0.04321352392435074,-0.11702267080545425,0.035355374217033386,17.0,0.005150058306753635,0.0013110516592860222,-0.0004034890152979642,0.21446417272090912,-0.020459000021219254,0.031270962208509445,18.0,-0.00024146310170181096,0.0015823545400053263,0.0003286150167696178,0.16662660241127014,-0.10776139050722122,0.05173275247216225,20.0,-0.0012118887389078736,-0.0018439301056787372,7.817293226253241e-05,-0.05727267265319824,0.10984737426042557,0.08613621443510056,21.0,0.0029722449835389853,0.00043770932825282216,-0.00022071607236284763,0.26446011662483215,0.022263895720243454,0.06734462082386017,22.0,0.0033638817258179188,0.0013683746801689267,-0.0009004219900816679,0.18738096952438354,-0.037985909730196,-0.058342352509498596
1685054325021139300,0,54325.01953125,1.0,0.0,0.0,0.0,0.0,0.0,0.0,16.0,-0.004713516216725111,0.001149814110249281,-0.00019551381410565227,-0.2998741865158081,0.3009200394153595,-0.07516594231128693,17.0,0.006520010530948639,-0.0004186028381809592,-0.0012538917362689972,-0.036065034568309784,0.06709533929824829,-0.043445710092782974,18.0,0.0012317834189161658,0.0020480880048125982,-0.0008777237380854785,-0.05553857982158661,0.04339011013507843,-0.10788567364215851,20.0,-0.0020312147680670023,-0.0033590246457606554,-0.0001912302541313693,-0.14991305768489838,-0.22748936712741852,-0.024150045588612556,21.0,0.0038774556014686823,0.0019863350316882133,-0.0006217935588210821,-0.0841459259390831,0.06688154488801956,-0.07744834572076797,22.0,0.003301372518762946,0.002290499396622181,-0.0011875295313075185,-0.07244756817817688,-0.015607090666890144,-0.029163416475057602
1685054325031239400,0,54325.03125,1.0,0.0,0.0,0.0,0.0,0.0,0.0,16.0,-0.0027404960710555315,0.0012664981186389923,0.0003171139978803694,0.12459658831357956,-0.02425750344991684,0.057974446564912796,17.0,0.0070439656265079975,0.00029527273727580905,-0.0006227280246093869,0.045244280248880386,0.046720366925001144,-0.0008931661141104996,18.0,0.0030404389835894108,0.001523631508462131,0.00023527958546765149,0.11639854311943054,-0.016425475478172302,0.12049504369497299,20.0,-0.0025254811625927687,-0.0024956143461167812,3.307394581497647e-05,-0.04130065441131592,-0.010152348317205906,0.023644592612981796,21.0,0.004736518021672964,0.0024724912364035845,-0.0004874258302152157,0.19517681002616882,-0.01859423518180847,0.001513972645625472,22.0,0.003648904850706458,0.0035075382329523563,-0.001090472680516541,0.08327337354421616,0.04958923161029816,0.0011041725520044565
1685054325040605500,0,54325.0390625,1.0,0.0,0.0,0.0,0.0,0.0,0.0,16.0,-0.003865304868668318,0.0013996599009260535,0.00021495929104276001,-0.2310057133436203,-0.03422398120164871,-0.004567130468785763,17.0,0.009416484273970127,-0.0009183433139696717,-0.0010109185241162777,0.061328887939453125,-0.10380268841981888,0.008818092755973339,18.0,0.0038372043054550886,0.000568134302739054,-0.000946017331443727,-0.019420010969042778,-0.1013641431927681,-0.11060047894716263,20.0,-0.0028047121595591307,-0.0030264523811638355,-0.00032038416247814894,-0.07805072516202927,-0.18507765233516693,-0.03686566650867462,21.0,0.004624378401786089,0.00364805874414742,-0.000857907987665385,-0.06719498336315155,-0.12758375704288483,-0.049124639481306076,22.0,0.0038623129948973656,0.0037133132573217154,-0.0010485694510862231,0.0030902153812348843,-0.09691857546567917,-0.008184733800590038
1685054325050694200,0,54325.05078125,1.0,0.0,0.0,0.0,0.0,0.0,0.0,16.0,-0.002995764371007681,0.0003421082510612905,0.0006396257085725665,6.99118318152614e-05,-0.061287399381399155,0.04822493717074394,17.0,0.010073300451040268,-0.0005960774724371731,-0.0006289073498919606,-0.01948801428079605,0.011976382695138454,-0.011319464072585106,18.0,0.004662959836423397,0.00039267566171474755,-0.000681330740917474,0.01920507661998272,0.03780786693096161,0.026164444163441658,20.0,-0.004186930134892464,-0.0014865045668557286,-0.00014441352686844766,-0.17471922934055328,0.10673727095127106,0.014275852590799332,21.0,0.004830325022339821,0.0038490784354507923,-0.0007828823872841895,0.03893500193953514,-0.031059157103300095,0.006330497562885284,22.0,0.004072135780006647,0.0043047028593719006,-0.0010449372930452228,0.021319251507520676,0.03848787397146225,-0.012014158070087433
1685054325061655600,0,54325.0625,1.0,0.0,0.0,0.0,0.0,0.0,0.0,16.0,-0.001213973737321794,-0.00016449652321171016,0.0005561891593970358,0.12581118941307068,-0.008363415487110615,-0.00673547713086009,17.0,0.009929761290550232,-0.0008688808884471655,-0.0005286938394419849,0.019583148881793022,-0.0378342904150486,-0.0002584335161373019,18.0,0.005147456657141447,-5.318550392985344e-05,-0.0005175690166652203,0.051434628665447235,-0.014941792003810406,0.006260697729885578,20.0,-0.0018683027010411024,-0.0010069706477224827,-0.0004152139008510858,0.20524683594703674,0.014939840883016586,-0.031622979789972305,21.0,0.0039265514351427555,0.004384031053632498,-0.0008324312511831522,-0.008909715339541435,0.0024278457276523113,-0.013185862451791763,22.0,0.003946112934499979,0.004280975088477135,-0.0016391011886298656,0.0391574390232563,-0.005356926005333662,-0.07854899019002914
1685054325070672300,0,54325.0703125,1.0,0.0,0.0,0.0,0.0,0.0,0.0,16.0,-0.0014319265028461814,0.00016421581676695496,0.0005150639335624874,-0.07771984487771988,0.026051105931401253,-0.003421446541324258,17.0,0.009645684622228146,-0.0009746464784257114,-0.0005411196616478264,0.0018399434629827738,-0.10555311292409897,0.013367367908358574,18.0,0.005146368872374296,9.431415674043819e-05,-0.00044015314779244363,0.011322026140987873,-0.04430341720581055,-0.0031208873260766268,20.0,-0.0011543779401108623,0.0003964471979998052,-0.00040620562504045665,0.034975241869688034,0.07778126746416092,-0.0002981885918416083,21.0,0.004001975059509277,0.005137480329722166,-0.0007762436289340258,-0.03756082057952881,-0.061845697462558746,0.013683514669537544,22.0,0.003948855679482222,0.0043810224160552025,-0.001511481124907732,0.006683556362986565,-0.03021121397614479,-0.007747944910079241
1685054325080596300,0,54325.078125,1.0,0.0,0.0,0.0,0.0,0.0,0.0,16.0,-0.00025210034800693393,-0.001128530129790306,0.00014354332233779132,0.0871867910027504,-0.16156835854053497,-0.046260688453912735,17.0,0.008468560874462128,-0.0002846928546205163,-0.0007704672170802951,-0.09999703615903854,-0.07700598984956741,-0.06386493146419525,18.0,0.004641625564545393,0.00015940199955366552,-0.0008570792269892991,-0.015419280156493187,-0.10978072136640549,-0.06285223364830017,20.0,-0.0009929670486599207,0.0018143460620194674,-0.0008102846331894398,-0.0034006517380476,0.08767969906330109,-0.048519235104322433,21.0,0.003320815972983837,0.005036830902099609,-0.001116285682655871,-0.06990784406661987,-0.04989904910326004,-0.04811885952949524,22.0,0.0037911359686404467,0.004243143368512392,-0.0015991253312677145,-0.010268814861774445,-0.055349163711071014,-0.036552101373672485
1685054325090590000,0,54325.08984375,1.0,0.0,0.0,0.0,0.0,0.0,0.0,16.0,-0.0005425107665359974,-0.0013719183625653386,0.0001423630164936185,0.04200837388634682,-0.07821379601955414,-0.01688205823302269,17.0,0.007138863205909729,-8.343932677234989e-06,-0.0006918663275428116,0.07717710733413696,-0.17118848860263824,0.007719916291534901,18.0,0.003918895032256842,0.0018048277124762535,-0.00028989624115638435,0.06206551939249039,0.02328554354608059,0.030736202374100685,20.0,-0.001705655944533646,0.002866199938580394,-0.00019604772387538105,-0.0022866413928568363,0.07114005088806152,0.0488286055624485,21.0,0.002794981235638261,0.003372167469933629,-0.0005036076181568205,-0.04062072932720184,-0.07152387499809265,0.002798735862597823,22.0,0.0037620493676513433,0.004335750825703144,-0.0013644919963553548,0.03468720242381096,0.014361484907567501,-0.008879723958671093
1685054325100581300,0,54325.1015625,1.0,0.0,0.0,0.0,0.0,0.0,0.0,16.0,-0.0011318547185510397,0.0010011355625465512,-0.0006840791320428252,-0.07885907590389252,0.2789640724658966,-0.11267359554767609,17.0,0.0060804556123912334,-0.002069349866360426,-0.0012593372957780957,-0.024361103773117065,0.034074101597070694,-0.057030025869607925,18.0,0.0032714810222387314,0.001267248415388167,-0.0006689061992801726,0.00025522784562781453,-0.021593591198325157,-0.07102537155151367,20.0,-0.00038206117460504174,0.002049822360277176,-0.0007677180110476911,0.09445469826459885,0.014385583810508251,-0.0727536752820015,21.0,0.0022500392515212297,0.0030998713336884975,-0.0009503670153208077,-0.0486178919672966,-0.04371533542871475,-0.05980142205953598,22.0,0.003445160109549761,0.004440231714397669,-0.0014357725158333778,-0.051120027899742126,0.08751548826694489,-0.044841982424259186
1685054325120490600,0,54325.12109375,1.0,0.0,0.0,0.0,0.0,0.0,0.0,16.0,-0.001685042749159038,0.0010921332286670804,0.0006231319857761264,-0.020234975963830948,-0.04696575179696083,-0.010888563469052315,17.0,0.0053954459726810455,-0.0028474959544837475,0.00010295795073034242,0.011156141757965088,-0.07885601371526718,-0.01676158234477043,18.0,0.00232883682474494,0.001711708609946072,0.0006702853715978563,0.03113079071044922,-0.008704215288162231,-0.00579836405813694,20.0,-0.0005377280758693814,0.0024716388434171677,0.00012316874926909804,0.010884418152272701,0.034050073474645615,-0.03954906761646271,21.0,0.0007424993673339486,0.0038987258449196815,3.0815885111223906e-05,-0.08477532863616943,-0.015027827583253384,-0.02180449105799198,22.0,0.003700556233525276,0.004093411844223738,0.0001556385395815596,0.04618187993764877,-0.06454747170209885,0.015988219529390335
1685054325134977900,0,54325.1328125,1.0,0.0,0.0,0.0,0.0,0.0,0.0,16.0,-0.001241011661477387,-0.0007666495512239635,0.000550650991499424,0.16710945963859558,-0.15981897711753845,0.010078961960971355,17.0,0.00658049900084734,-0.0016068927943706512,-0.00019055843586102128,-0.01272663101553917,-0.003721625078469515,-0.0033253133296966553,18.0,0.003010350512340665,0.0021389697212725878,0.0001019348346744664,-0.00019724036974366754,0.035397231578826904,-0.0297935139387846,20.0,0.0011262133484706283,0.0015699760988354683,0.00047577530494891107,-0.011021023616194725,-0.05174585431814194,0.017323331907391548,21.0,-0.0012990472605451941,0.0022538909688591957,0.0006376311066560447,0.007188837975263596,-0.0049170576967298985,0.0069266813807189465,22.0,0.003576308488845825,0.004134113434702158,0.00033554842229932547,-0.004520941525697708,0.02898365631699562,0.012518047355115414
1685054325143576300,0,54325.14453125,1.0,0.0,0.0,0.0,0.0,0.0,0.0,16.0,-0.0012755353236570954,0.0004544018011074513,0.00041443220106884837,-0.045513056218624115,0.07558156549930573,-0.007853604853153229,17.0,0.006347959395498037,-0.0016900021582841873,-0.00024427915923297405,-0.03667701408267021,0.05841948091983795,0.04261808469891548,18.0,0.0034526800736784935,0.0024325500708073378,0.0004682917206082493,-0.008183905854821205,-0.03050612285733223,0.05166228860616684,20.0,0.002246916526928544,0.0004552504688035697,0.00036138889845460653,0.08089771866798401,-0.11639178544282913,-0.002082258462905884,21.0,-0.0015261361841112375,0.0023808206897228956,0.0006100611644797027,0.07604371011257172,0.012190910056233406,0.001319168135523796,22.0,0.0026807887479662895,0.004241629038006067,0.00030474067898467183,-0.027654610574245453,-0.015388949774205685,-0.0030553739052265882
1685054325153600500,0,54325.15234375,1.0,0.0,0.0,0.0,0.0,0.0,0.0,16.0,-0.003833257593214512,-6.393173680407926e-05,0.0007331265951506793,-0.021442726254463196,-0.031185150146484375,0.04565739631652832,17.0,0.003734448691830039,-0.0012502484023571014,3.45469088642858e-05,0.044317420572042465,0.06731351464986801,0.05533070117235184,18.0,0.0013374586123973131,0.0028409652877599,0.0007771324599161744,0.04408852383494377,0.0691722109913826,0.05489937588572502,20.0,0.0018680350622162223,0.0019411013927310705,0.0014457241632044315,-0.16459956765174866,0.16038765013217926,0.12841299176216125,21.0,0.0023449365980923176,0.0017476598732173443,0.0014141370775178075,0.07039288431406021,0.054370783269405365,0.05215005576610565,22.0,0.005371412727981806,0.0031028692610561848,0.00044363050255924463,0.06313900649547577,-0.024576157331466675,0.0237211212515831
1685054325158604700,0,54325.15625,1.0,0.0,0.0,0.0,0.0,0.0,0.0,16.0,-0.004029069561511278,-0.0008832986932247877,0.0008672253461554646,0.10837535560131073,0.012893004342913628,0.03485393896698952,17.0,0.0019372475799173117,-0.0006678945501334965,0.0002615516714286059,-0.009279118850827217,0.10468478500843048,0.03985528647899628,18.0,2.6731457182904705e-05,0.002587012480944395,0.0005278554745018482,0.03880124166607857,0.05790694057941437,0.005464095622301102,20.0,0.0025894390419125557,0.001948380027897656,0.0015605081571266055,-0.0043148137629032135,0.116531603038311,0.03877668082714081,21.0,0.0053763375617563725,0.001982172718271613,0.0013715161476284266,0.07141812145709991,0.09923695772886276,0.012030312791466713,22.0,0.007331968285143375,0.002706408966332674,0.0009838356636464596,0.047647953033447266,0.07713393121957779,0.0656423345208168
1685054325173929500,0,54325.171875,1.0,0.0,0.0,0.0,0.0,0.0,0.0,16.0,-0.003982954658567905,-0.0007225341396406293,0.0003855486575048417,-0.04487278684973717,-0.058595120906829834,-0.019462453201413155,17.0,0.0019830975215882063,-0.0005072162603028119,-0.0002199693553848192,-0.07378891855478287,0.011948985978960991,0.023485511541366577,18.0,-0.00042894401121884584,0.0031748474575579166,0.00013807578943669796,-0.05546962097287178,0.00607488164678216,-0.005497808568179607,20.0,0.003412477672100067,-0.0010971024166792631,0.0010794675908982754,-0.031997453421354294,-0.34393876791000366,-0.02171337604522705,21.0,0.006227958481758833,0.004251560661941767,0.0008681698818691075,-0.022805165499448776,0.013423948548734188,0.010137914679944515,22.0,0.008703610859811306,0.0033198511227965355,0.0003706251736730337,-0.059041205793619156,-0.030142473056912422,-0.046888794749975204
1685054325204845800,0,54325.203125,1.0,0.0,0.0,0.0,0.0,0.0,0.0,16.0,-0.006230092607438564,-0.0007777948630973697,-0.0002637224388308823,-0.19939588010311127,0.0763639286160469,-0.009268268011510372,17.0,0.004400191362947226,-0.0015643138904124498,-0.0012848753249272704,0.09723113477230072,0.02509281598031521,0.018664896488189697,18.0,0.0012723080581054091,0.0018489628564566374,-0.0009591029956936836,0.03383181616663933,-0.025139426812529564,-0.003482774132862687,20.0,0.0029295384883880615,0.00010681294952519238,0.0007686075987294316,-0.07966122776269913,-0.005340459756553173,-0.013980621472001076,21.0,0.006487363483756781,0.0025974074378609657,0.0005191778764128685,0.058040980249643326,-0.0027952101081609726,-0.002269343240186572,22.0,0.008517218753695488,0.0028519690968096256,0.0003012170491274446,0.031922370195388794,0.0181559007614851,-0.00028986623510718346
1685054325224993700,0,54325.22265625,1.0,0.0,0.0,0.0,0.0,0.0,0.0,16.0,-0.004817814566195011,-0.00031260791001841426,-0.000398902571760118,0.034093692898750305,0.02767903357744217,0.021832294762134552,17.0,0.008582262322306633,-0.001160711981356144,-0.0016889726975932717,0.003538829041644931,-0.02990986779332161,0.025147048756480217,18.0,0.005018499214202166,0.0011228033108636737,-0.0014984984882175922,0.0811678096652031,-0.009234814904630184,0.011192777194082737,20.0,0.0010497968178242445,-0.0005603102035820484,0.00035001192009076476,-0.004685483872890472,-0.040561892092227936,0.02731529250741005,21.0,0.007758552674204111,0.0028087205719202757,-0.00011344405356794596,0.12362836301326752,0.025979269295930862,-0.0030374382622539997,22.0,0.008541729301214218,0.003068701596930623,-0.00011370218999218196,0.040510378777980804,0.018945641815662384,0.03042745031416416
1685054325243610400,0,54325.2421875,1.0,0.0,0.0,0.0,0.0,0.0,0.0,16.0,-0.0032436337787657976,-0.0002744567464105785,-0.00041116742067970335,0.06116681173443794,-0.072264663875103,0.014981468208134174,17.0,0.010253258980810642,2.2257676391745917e-05,-0.0017631563823670149,0.09622528403997421,-0.027938364073634148,0.004783449694514275,18.0,0.005990367848426104,0.0017079139361158013,-0.0015603834763169289,-0.040728695690631866,-0.014177331700921059,0.01002921536564827,20.0,0.0009019134449772537,0.00011019632802344859,-0.00028793999808840454,-0.02545331045985222,-0.007762827444821596,-0.026186997070908546,21.0,0.00785032194107771,0.003381754970178008,-0.000765978591516614,-0.00814339704811573,0.00633236113935709,-0.03659544885158539,22.0,0.008828466758131981,0.0038928603753447533,-0.0004654251679312438,-0.008825206197798252,-0.003453815821558237,0.0018005847232416272
1685054325244039300,0,54325.2421875,1.0,0.0,0.0,0.0,0.0,0.0,0.0,16.0,-0.004372341558337212,-0.0012386600719764829,0.0001563485129736364,-0.11991600692272186,-0.1310991793870926,0.05453575775027275,17.0,0.012479912489652634,0.0009052285458892584,-0.0016122295055538416,0.10133028775453568,-0.04356682673096657,0.01753172278404236,18.0,0.007699508219957352,0.0019199047237634659,-0.0019649830646812916,0.08000157028436661,-0.05075540393590927,-0.04583948105573654,20.0,-0.00021018265397287905,8.4987586888019e-05,0.00019537009939085692,-0.07529232650995255,-0.0349937379360199,0.06513874977827072,21.0,0.008607114665210247,0.0028089836705476046,-0.0004044994420837611,0.09239551424980164,-0.07600473612546921,0.026226641610264778,22.0,0.009490987285971642,0.0041123502887785435,-0.0003093215636909008,0.05639929324388504,-0.02644980512559414,0.03609994426369667
1685054325255706100,0,54325.25390625,1.0,0.0,0.0,0.0,0.0,0.0,0.0,16.0,-0.0037841664161533117,3.6737175832968205e-05,0.0001533857430331409,0.098080113530159,0.04063163325190544,-0.0006832695216871798,17.0,0.013430328108370304,-9.681177289166953e-06,-0.0015428768238052726,0.12458686530590057,-0.035001739859580994,0.016812123358249664,18.0,0.008765439502894878,0.00176436232868582,-0.0015590513357892632,0.09051556140184402,-0.10143628716468811,0.029402945190668106,20.0,0.0002484666183590889,0.0018822774291038513,0.0006466946797445416,0.10317246615886688,0.10177155584096909,0.059127163141965866,21.0,0.008294666185975075,0.0021480065770447254,0.0001083840979845263,0.06319303810596466,0.00319497543387115,0.02821490354835987,22.0,0.010379698127508163,0.003147777169942856,-0.0005362572846934199,0.1299799084663391,-0.11572644114494324,-0.010002114810049534
1685054325263883600,0,54325.26171875,1.0,0.0,0.0,0.0,0.0,0.0,0.0,16.0,-0.003616396803408861,-0.0016686239978298545,0.00011259726306889206,-0.02593519166111946,-0.193086639046669,0.0008044025744311512,17.0,0.013806816190481186,0.0009798998944461346,-0.0017278111772611737,0.004971531685441732,0.026549547910690308,-0.017247743904590607,18.0,0.009348728694021702,0.003505733795464039,-0.0018363590352237225,-0.01809661276638508,0.11987903714179993,-0.03353128582239151,20.0,0.001569647341966629,-0.0006869043572805822,0.00011857350909849629,0.0724739357829094,-0.2553805410861969,-0.03633943200111389,21.0,0.008849283680319786,0.004267044831067324,-0.0003833980008494109,0.10424784570932388,-0.0031568927224725485,-0.0022334586828947067,22.0,0.010019544512033463,0.004731866996735334,-0.0008444522973150015,-0.022521747276186943,0.10875213146209717,-0.023064708337187767
1685054325273636800,0,54325.2734375,1.0,0.0,0.0,0.0,0.0,0.0,0.0,16.0,-0.003112712176516652,-0.00016583508113399148,-2.7370744646759704e-05,0.10646568983793259,0.028218500316143036,-0.0071825897321105,17.0,0.012531902641057968,-8.861369133228436e-05,-0.0015675622271373868,-0.0014152938965708017,-0.09806011617183685,0.02298511005938053,18.0,0.009747100062668324,0.003635027213022113,-0.0009751890320330858,0.08659778535366058,-0.08685269951820374,0.08393104374408722,20.0,0.000986231490969658,-0.0018701804801821709,0.0003103973576799035,-0.020646030083298683,-0.22906354069709778,0.026101015508174896,21.0,0.009834201075136662,0.005301570054143667,-0.0003011586959473789,0.048237141221761703,-0.028625009581446648,0.02838611789047718,22.0,0.010264373384416103,0.005454512313008308,-0.0005595538532361388,0.07847372442483902,-0.07777920365333557,0.028097379952669144
1685054325285183400,0,54325.28515625,1.0,0.0,0.0,0.0,0.0,0.0,0.0,16.0,-0.003348330967128277,-0.0013964539393782616,-0.00043801081483252347,-0.1935497224330902,-0.010988106951117516,-0.03547649458050728,17.0,0.012754407711327076,0.0007220180123113096,-0.0021162491757422686,-0.04182775691151619,0.13218368589878082,-0.044218700379133224,18.0,0.010023810900747776,0.0036554853431880474,-0.0018224988598376513,-0.11355503648519516,0.1235179677605629,-0.08144747465848923,20.0,0.0019627881702035666,0.0005912870983593166,-0.0004253893275745213,-0.09909023344516754,0.3533041775226593,-0.06815368682146072,21.0,0.009199768304824829,0.004652362782508135,-0.0009182431967929006,-0.08584295958280563,0.11707655340433121,-0.10930657386779785,22.0,0.010974990203976631,0.005315388552844524,-0.001196890021674335,-0.07591751962900162,0.1139458492398262,-0.06605207920074463
1685054325293577000,0,54325.29296875,1.0,0.0,0.0,0.0,0.0,0.0,0.0,16.0,-0.0037197780329734087,0.00030797001090832055,-0.0006762597477063537,0.013151179999113083,0.20785462856292725,-0.02720794267952442,17.0,0.013059532269835472,1.5688534404034726e-05,-0.0023030259180814028,0.02847830206155777,-0.005587731022387743,-0.026725761592388153,18.0,0.010122066363692284,0.0031949682161211967,-0.0015589536633342505,0.07892288267612457,0.043267346918582916,0.024958645924925804,20.0,0.0020560752600431442,-0.0011283708736300468,-0.00037395721301436424,0.03830324485898018,-0.12895576655864716,0.002283567562699318,21.0,0.009511413984000683,0.005530165042728186,-0.0008876979700289667,0.0566248781979084,0.029428301379084587,0.01492827944457531,22.0,0.01057422999292612,0.005292278714478016,-0.0016253815265372396,0.04027317464351654,0.017852766439318657,-0.05604361370205879
1685054325303544200,0,54325.3046875,1.0,0.0,0.0,0.0,0.0,0.0,0.0,16.0,-0.004633922129869461,0.0007886254461482167,-0.0006583562935702503,-0.1013711541891098,0.12527084350585938,-0.006236483342945576,17.0,0.013429740443825722,-0.0006850314675830305,-0.0023504127748310566,-0.02606620080769062,-0.011239008978009224,0.005899122450500727,18.0,0.010399303399026394,0.002049065427854657,-0.0013922379584982991,0.022175349295139313,0.003935531247407198,0.01928669586777687,20.0,0.002161971991881728,-0.0013202980626374483,0.00023252394748851657,0.0022395364940166473,0.03257399797439575,0.06002209708094597,21.0,0.009333888068795204,0.004543560557067394,-0.0002583106979727745,-0.026526648551225662,0.007779058068990707,0.04484839364886284,22.0,0.010435465723276138,0.005235585849732161,-0.0010099587962031364,0.008125387132167816,0.05670779570937157,0.04490354284644127
1685054325315163200,0,54325.31640625,1.0,0.0,0.0,0.0,0.0,0.0,0.0,16.0,-0.004621495027095079,0.00017434731125831604,-0.0009825009619817138,-0.051437441259622574,0.04474860057234764,-0.05086718872189522,17.0,0.013407638296484947,-0.0010245932498946786,-0.002679676515981555,-0.06032921001315117,0.011956363916397095,-0.032669130712747574,18.0,0.01045240368694067,0.0014515158254653215,-0.001910668914206326,-0.03768765926361084,0.04197189584374428,-0.05383983254432678,20.0,0.0026717917062342167,-0.000996679998934269,4.027114118798636e-05,0.02933049574494362,0.09441158920526505,-0.01951470971107483,21.0,0.009439656510949135,0.004121355712413788,-0.000420228490838781,-0.05779288336634636,0.00791199877858162,-0.04408382624387741,22.0,0.010576145723462105,0.004823359660804272,-0.0009769052267074585,-0.0056273480877280235,0.027430931106209755,-0.015876803547143936
1685054325323668100,0,54325.32421875,1.0,0.0,0.0,0.0,0.0,0.0,0.0,16.0,-0.0028937996830791235,2.4786328140180558e-05,-0.0008083320572040975,0.1740015745162964,0.041918378323316574,-0.007157407235354185,17.0,0.01190753374248743,-0.0021608828101307154,-0.0021420756820589304,0.01245554257184267,-0.06382020562887192,-0.007611878681927919,18.0,0.010318424552679062,0.0008324660011567175,-0.0019168806029483676,0.038335397839546204,-0.022021375596523285,-0.012173604220151901,20.0,0.0018560346215963364,-0.0019053161377087235,-0.00012702787353191525,-0.02340150810778141,-0.08761011809110641,-0.017626600340008736,21.0,0.008347252383828163,0.003282813122496009,-0.0005681461188942194,0.038511041551828384,-0.017319463193416595,0.006093486212193966,22.0,0.010092959739267826,0.004471203312277794,-0.0008233782718889415,0.010121629573404789,-0.002781203016638756,-0.0020707924850285053
1685054325333590200,0,54325.33203125,1.0,0.0,0.0,0.0,0.0,0.0,0.0,16.0,-0.0020097908563911915,-0.003039953066036105,-0.0008031549514271319,-0.005461297929286957,-0.2759152948856354,-0.02558598853647709,17.0,0.010828730650246143,-0.0016380014130845666,-0.00211362075060606,-0.09308794140815735,0.006082987878471613,-0.0567331463098526,18.0,0.010166804306209087,0.0005603739991784096,-0.0020271199755370617,-0.047768570482730865,-0.04083720222115517,-0.02923472970724106,20.0,0.0007357780123129487,-0.0005143277230672538,5.6138600484700873e-05,-0.14874133467674255,0.12913277745246887,0.01771719753742218,21.0,0.008082319051027298,0.0017650010995566845,-0.0004318005812820047,-0.10571252554655075,-0.04672064259648323,-0.04220947250723839,22.0,0.010266890749335289,0.0036304343957453966,-0.0005205778870731592,-0.041667889803647995,-0.040090467780828476,0.018539590761065483
1685054325345227300,0,54325.34375,1.0,0.0,0.0,0.0,0.0,0.0,0.0,16.0,-0.0010012151906266809,-0.002815891755744815,-0.0007427631644532084,0.08254941552877426,0.0835593193769455,-0.02537570707499981,17.0,0.010026026517152786,-0.002714160131290555,-0.0018150379182770848,0.024308009073138237,-0.0046863253228366375,0.022145390510559082,18.0,0.009219043888151646,0.0006801580893807113,-0.0017854738980531693,0.001246680156327784,0.03128211572766304,-0.004272000398486853,20.0,-0.00048435971257276833,-0.0011663283221423626,7.174406164267566e-06,-0.10031350702047348,-0.003654793370515108,-0.00491271261125803,21.0,0.007470885757356882,0.002726783510297537,-0.0005235839635133743,-0.014465018175542355,0.022124819457530975,-0.00662994384765625,22.0,0.010202228091657162,0.003989280667155981,-0.0006940792663954198,-0.022280462086200714,0.09947953373193741,-0.02526153065264225
1685054325353590500,0,54325.3515625,1.0,0.0,0.0,0.0,0.0,0.0,0.0,16.0,-0.003163657383993268,-0.003128501819446683,-0.0003171826247125864,-0.11963450908660889,-0.10724969208240509,0.009200041182339191,17.0,0.009443328715860844,-0.00275375135242939,-0.001553489244543016,-0.10637912899255753,-0.0756656676530838,0.014459534548223019,18.0,0.007371498271822929,0.0009819390252232552,-0.0017372859874740243,-0.02237320877611637,-0.03319112956523895,-0.02914845198392868,20.0,0.0007346290512941778,-0.0014237004797905684,0.00010573512554401532,0.058705344796180725,-0.09803902357816696,0.01378331147134304,21.0,0.007100875489413738,0.002945513231679797,-0.00032101175747811794,-0.03069114126265049,-0.06051831692457199,0.007162090390920639,22.0,0.011838630773127079,0.0037468697410076857,-0.0005352622247301042,0.012706722132861614,-0.07495321333408356,0.01499533373862505
1685054325363649300,0,54325.36328125,1.0,0.0,0.0,0.0,0.0,0.0,0.0,16.0,-0.0009893995011225343,-0.004384518135339022,0.00033102050656452775,0.2138185203075409,-0.17094601690769196,0.04090655967593193,17.0,0.007632109336555004,-0.001335569890215993,-0.0006451498484238982,-0.09231805801391602,-0.017314482480287552,0.019172605127096176,18.0,0.006713538430631161,0.001565652433782816,-0.0007725385949015617,-0.019750893115997314,-0.003257456235587597,0.06652991473674774,20.0,0.0009561081533320248,-0.0013938770862296224,0.0002817027270793915,-0.08549734205007553,-0.017809899523854256,0.022693544626235962,21.0,0.007756883278489113,0.0028830270748585463,-0.00017182319425046444,0.021407919004559517,0.009960144758224487,0.00738013768568635,22.0,0.012264786288142204,0.0043794200755655766,-0.0005073510110378265,-0.06557425111532211,0.04813804849982262,0.0025185253471136093
1685054325375169500,0,54325.375,1.0,0.0,0.0,0.0,0.0,0.0,0.0,16.0,-0.003364165313541889,-0.002786035183817148,0.0004490000137593597,-0.22419705986976624,0.1145540252327919,-0.0067344773560762405,17.0,0.008255137130618095,-0.0007599100354127586,-0.0007669937913306057,0.01986897736787796,-0.006267434451729059,0.0048919967375695705,18.0,0.006807772442698479,0.002533279126510024,-0.0007771767559461296,0.0003116826992481947,0.042083803564310074,-0.02416255697607994,20.0,0.002369051333516836,-0.0022702347487211227,7.01518656569533e-05,0.10902196913957596,-0.0915425717830658,-0.020932098850607872,21.0,0.007189723197370768,0.0034698983654379845,-0.00025726991589181125,-0.034480348229408264,-0.010433277115225792,-0.06397020816802979,22.0,0.012308596633374691,0.005197178106755018,-0.0005416616331785917,0.012766975909471512,0.03096289373934269,-0.009868291206657887
1685054325383608300,0,54325.3828125,1.0,0.0,0.0,0.0,0.0,0.0,0.0,16.0,-0.0016313167288899422,-0.0014459473313763738,-4.2772535380208865e-05,0.17839401960372925,0.058456990867853165,-0.0642000362277031,17.0,0.008276515640318394,-0.0005607870989479125,-0.0010390523821115494,0.05134616792201996,-0.020765557885169983,-0.07008899003267288,18.0,0.007224331609904766,0.003120284527540207,-0.001277720439247787,0.05140925198793411,-0.017668604850769043,-0.07358995079994202,20.0,0.002568301046267152,-0.0013096572365611792,-2.385447260166984e-05,0.04905765876173973,0.0447969064116478,-0.0169550608843565,21.0,0.0066598220728337765,0.0028652881737798452,-0.00029932090546935797,0.07879422605037689,0.025043264031410217,-0.06757620722055435,22.0,0.011531847529113293,0.0055498965084552765,-0.0009394186781719327,0.020646832883358,-0.008748482912778854,-0.05593157559633255
1685054325393644700,0,54325.39453125,1.0,0.0,0.0,0.0,0.0,0.0,0.0,16.0,-0.0016591063467785716,0.0006525958888232708,0.00022686657030135393,0.03645721822977066,0.1594836264848709,0.019816959276795387,17.0,0.009237288497388363,-0.001098926761187613,-0.0007397452718578279,0.10083070397377014,0.01769917458295822,0.060104597359895706,18.0,0.007298039738088846,0.003586731618270278,-0.0008755557355470955,0.035548120737075806,0.027942875400185585,0.022861948236823082,20.0,0.001998455263674259,-0.0003095107967965305,0.0003311152686364949,0.03656243532896042,0.0652208924293518,0.02663295343518257,21.0,0.0060898372903466225,0.0038657269906252623,5.6330023653572425e-05,0.01660662516951561,-0.010653830133378506,0.005274270195513964,22.0,0.01067171897739172,0.006053190678358078,-0.00048518533003516495,0.05966190621256828,0.012967346236109734,0.025632835924625397
1685054325405609500,0,54325.40625,1.0,0.0,0.0,0.0,0.0,0.0,0.0,16.0,-0.002611795673146844,0.0005285172373987734,-0.0001989581505768001,-0.19601038098335266,-0.019452393054962158,-0.047204144299030304,17.0,0.01103231031447649,-0.000603765482082963,-0.0014569213381037116,0.0034586775582283735,0.025358431041240692,-0.03497350960969925,18.0,0.008633439429104328,0.003198560094460845,-0.0014217959251254797,-0.018335428088903427,-0.033276163041591644,-0.06626957654953003,20.0,0.002663692692294717,0.0003750563773792237,-7.754411490168422e-05,0.03631773963570595,0.0658106803894043,-0.052546992897987366,21.0,0.005959007889032364,0.004790403880178928,-0.00030075450194999576,-0.018402615562081337,0.06845349818468094,-0.049784865230321884,22.0,0.00998194981366396,0.006442443002015352,-0.0006460077711381018,-0.031963106244802475,0.014132320880889893,-0.03880077227950096
1685054325413561100,0,54325.4140625,1.0,0.0,0.0,0.0,0.0,0.0,0.0,16.0,-0.0016109816497191787,0.0013192471815273166,-0.00023821367358323187,0.1488012969493866,0.10598427057266235,-0.009089409373700619,17.0,0.011046452447772026,-0.0012487006606534123,-0.0013321421574801207,0.06197306886315346,0.015371410176157951,-0.005204807501286268,18.0,0.009418743662536144,0.0023949150927364826,-0.0016070236451923847,0.06825743615627289,-0.03792862221598625,-0.03130897879600525,20.0,0.0006060712621547282,5.429317752714269e-05,0.00038125793798826635,-0.07104013115167618,-0.005409038159996271,0.03208594024181366,21.0,0.006897120736539364,0.005365700926631689,-3.6470435588853434e-05,0.12242216616868973,0.05136314779520035,0.012810461223125458,22.0,0.009349248372018337,0.006811204832047224,-0.00044452465954236686,0.06965114176273346,0.014082565903663635,-0.0025211654137820005
1685054325423547900,0,54325.421875,1.0,0.0,0.0,0.0,0.0,0.0,0.0,16.0,-0.0008760028867982328,-0.0008494451176375151,0.0005059309769421816,0.08193786442279816,-0.16044946014881134,0.07372278720140457,17.0,0.011300505138933659,0.0002896450168918818,-0.0007139841327443719,0.14224277436733246,0.07172298431396484,0.04520709812641144,18.0,0.00962318480014801,0.003512222319841385,-0.0005308782565407455,0.02575928159058094,0.11911511421203613,0.10051366686820984,20.0,0.0003616657922975719,0.00026766417431645095,0.001028750673867762,0.04381612315773964,0.07023139297962189,0.06014234200119972,21.0,0.007172024343162775,0.005409363191574812,0.0005793033633381128,0.05165105685591698,0.06659605354070663,0.03235654532909393,22.0,0.009006877429783344,0.007820759899914265,0.0005429890006780624,0.041885994374752045,0.09219784289598465,0.0856604129076004
1685054325435112600,0,54325.43359375,1.0,0.0,0.0,0.0,0.0,0.0,0.0,16.0,-0.0013065132079645991,-0.0009871851652860641,0.0002791491860989481,-0.16226018965244293,-0.07203418016433716,-0.01934715546667576,17.0,0.01197206974029541,6.244784890441224e-05,-0.0010399927850812674,-0.07461874932050705,0.000669856381136924,-0.0463625006377697,18.0,0.010185020044445992,0.0034476839937269688,-0.0007666673045605421,-0.0786827951669693,-0.0809941217303276,-0.022763598710298538,20.0,0.0005550404312089086,0.0012345254654064775,0.0006222883239388466,-0.06883460283279419,0.049860984086990356,-0.03960437327623367,21.0,0.008161970414221287,0.006135891657322645,0.00012365086877252907,-0.03484084829688072,0.02080780640244484,-0.026592571288347244,22.0,0.008922132663428783,0.007655800320208073,0.00017136058886535466,-0.09455536305904388,-0.07361972332000732,-0.04089156165719032
1685054325443843900,0,54325.44140625,1.0,0.0,0.0,0.0,0.0,0.0,0.0,16.0,-0.0025249419268220663,-0.0009318648371845484,0.0010524895042181015,-0.035563159734010696,0.035304855555295944,0.08432397246360779,17.0,0.011824949644505978,-0.0006758480449207127,-0.00032941371318884194,0.20642799139022827,0.01329929567873478,0.11587110161781311,18.0,0.010304619558155537,0.0037258414085954428,0.00019158249779138714,0.12590914964675903,0.06057145819067955,0.10424819588661194,20.0,0.0016258461400866508,0.002391092013567686,0.0010259271366521716,0.2266269326210022,0.18587195873260498,0.04965735599398613,21.0,0.007717876695096493,0.006829686462879181,0.0006267140270210803,0.16108159720897675,0.056709229946136475,0.005185218993574381,22.0,0.009075230918824673,0.007441857364028692,0.0005813080933876336,0.12990103662014008,0.02846902422606945,0.046398237347602844
1685054325454452900,0,54325.453125,1.0,0.0,0.0,0.0,0.0,0.0,0.0,16.0,-0.0024498901329934597,-5.882762707187794e-05,0.0006691102171316743,-0.12272029370069504,0.018814988434314728,-0.027591608464717865,17.0,0.011603953316807747,-0.0012597243767231703,-0.000613979937043041,-0.15192675590515137,-0.03736122325062752,-0.01322521734982729,18.0,0.010062023997306824,0.0031427654903382063,-0.00021143910998944193,-0.10401193052530289,-0.06355182081460953,-0.026510683819651604,20.0,0.002410969929769635,-0.0002675717987585813,0.000737441296223551,-0.008521846495568752,-0.27667415142059326,-0.013505239970982075,21.0,0.00856881495565176,0.008656046353280544,0.00032754577114246786,0.10410813987255096,0.010447285138070583,-0.021475985646247864,22.0,0.00821634754538536,0.008332922123372555,0.0014117681421339512,-0.136368066072464,-0.006815032102167606,0.10214558243751526
1685054325464914100,0,54325.46484375,1.0,0.0,0.0,0.0,0.0,0.0,0.0,16.0,-0.0015736287459731102,0.00018897357222158462,0.0005358664784580469,-0.034852832555770874,-0.0036600364837795496,-0.0008944658911786973,17.0,0.012757224030792713,-0.0009687087731435895,-0.000773115549236536,-0.05796527862548828,-0.07076127827167511,0.020104682072997093,18.0,0.010178424417972565,0.002901766449213028,-3.6155906855128706e-05,-0.05236363410949707,-0.031076665967702866,0.03777205944061279,20.0,0.001426458009518683,0.0009876091498881578,0.0012554943095892668,-0.17916569113731384,0.12830856442451477,0.07473603636026382,21.0,0.010836075060069561,0.00901237316429615,0.0006420409772545099,0.11186230182647705,0.10529505461454391,0.041399337351322174,22.0,0.00773981586098671,0.009228995069861412,0.0014467985602095723,-0.09601805359125137,0.037200022488832474,0.040536388754844666
1685054325479921300,0,54325.48046875,1.0,0.0,0.0,0.0,0.0,0.0,0.0,16.0,0.0003321597178000957,-6.799585389671847e-05,0.0006858770502731204,0.13456058502197266,-0.030633199959993362,0.030558068305253983,17.0,0.013424609787762165,-0.001028724480420351,-0.0005124700837768614,-0.011096669360995293,0.01916509121656418,0.05214116722345352,18.0,0.010473523288965225,0.002995647955685854,0.0001249666092917323,-0.023347029462456703,0.005366148892790079,0.03078463301062584,20.0,0.00193395942915231,0.004673044662922621,0.0016638572560623288,0.0045241015031933784,0.4048812985420227,0.07433629035949707,21.0,0.011233684606850147,0.009188451804220676,0.0010652545606717467,0.14908862113952637,0.09424815326929092,-0.04879237711429596,22.0,0.008350073359906673,0.008427771739661694,0.0007040869095362723,0.04378744214773178,-0.050679996609687805,-0.03267095237970352
1685054325491799000,0,54325.4921875,1.0,0.0,0.0,0.0,0.0,0.0,0.0,16.0,0.0019720764830708504,-0.0003650279249995947,0.0009474763064645231,0.13750383257865906,-0.07140785455703735,0.04250464215874672,17.0,0.012865090742707253,4.4680211431114e-05,-0.00010471187124494463,-0.08027581870555878,-0.09882554411888123,0.019518258050084114,18.0,0.010229332372546196,0.003081679344177246,0.0003092584083788097,-0.018309354782104492,-0.054512351751327515,0.04253613203763962,20.0,0.002384761581197381,0.00217850087210536,0.00155936018563807,0.0077749937772750854,-0.21880987286567688,0.030567217618227005,21.0,0.012233667075634003,0.010981387458741665,0.0009225900867022574,0.11065593361854553,0.07435507327318192,0.01433253288269043,22.0,0.008003334514796734,0.00862948503345251,0.0005233213305473328,0.017347482964396477,-0.0014440459199249744,0.01923474110662937
1685054325492193900,0,54325.4921875,1.0,0.0,0.0,0.0,0.0,0.0,0.0,16.0,0.001979636261239648,0.0005918230162933469,0.0004357726138550788,-0.12371426820755005,0.07311733067035675,-0.027793657034635544,17.0,0.012872915714979172,0.000999177573248744,-0.0006150706904008985,-0.18830543756484985,0.00864202156662941,-0.026643075048923492,18.0,0.00979513768106699,0.004083787091076374,-0.0007342565804719925,-0.1816108375787735,0.012542192824184895,-0.07776632159948349,20.0,0.004069393966346979,0.0031944371294230223,0.001487020985223353,-0.006594531703740358,0.13496501743793488,0.03685636818408966,21.0,0.013034007512032986,0.01045175176113844,0.0009111020481213927,-0.16228751838207245,0.03897915408015251,0.05942348763346672,22.0,0.006765568163245916,0.008454326540231705,0.0003798092366196215,-0.2502097487449646,-0.006624399218708277,0.018651040270924568
1685054325502134300,0,54325.5,1.0,0.0,0.0,0.0,0.0,0.0,0.0,16.0,0.0007565229316242039,-0.0006737243966199458,0.0004128247092012316,-0.03356488421559334,-0.13785415887832642,0.0246060099452734,17.0,0.01271151378750801,0.0018196923192590475,-0.0008340305648744106,0.007924703881144524,-0.04964742437005043,0.025904148817062378,18.0,0.009611528366804123,0.004662957973778248,-0.0003319445822853595,-0.015343068167567253,-0.0714103952050209,0.06878473609685898,20.0,0.005907541606575251,0.0017698481678962708,0.0007816301076672971,0.19152770936489105,-0.10456046462059021,-0.03274989873170853,21.0,0.013219903223216534,0.012178967706859112,0.0003093841078225523,0.17641887068748474,-0.06287705898284912,0.008604620583355427,22.0,0.005884411744773388,0.008864685893058777,0.00013994223263580352,-0.005615305155515671,0.0020850878208875656,1.0992463103320915e-05
1685054325511639000,0,54325.51171875,1.0,0.0,0.0,0.0,0.0,0.0,0.0,16.0,0.0005035428912378848,-0.0023765370715409517,0.000733019900508225,0.16625596582889557,-0.16546016931533813,0.06308864057064056,17.0,0.01161687821149826,0.0019322253065183759,-0.0005168647621758282,0.1337713748216629,0.13478033244609833,0.053078725934028625,18.0,0.008383603766560555,0.005824030376970768,-0.0008098988910205662,0.0369376577436924,0.10081696510314941,-0.0236208513379097,20.0,0.005363937932997942,0.0011528682662174106,0.0005492048803716898,0.10493143647909164,0.025262612849473953,0.0036751667503267527,21.0,0.011901689693331718,0.013526277616620064,0.00012739062367472798,-0.07978367060422897,0.10800477117300034,-0.012752195820212364,22.0,0.005008312873542309,0.008648908697068691,0.000605954322963953,0.06809917092323303,0.02295798622071743,0.0673888549208641
1685054325521561000,0,54325.51953125,1.0,0.0,0.0,0.0,0.0,0.0,0.0,16.0,-0.00011229186202399433,-0.0031100071500986814,0.0003131045668851584,-0.23126369714736938,-0.15897142887115479,-0.0036397622898221016,17.0,0.010194903239607811,0.002744917059317231,-0.0009304987033829093,-0.2356845885515213,0.007487358059734106,-0.052395693957805634,18.0,0.008231943473219872,0.006087055895477533,-0.0011925803264603019,-0.22056254744529724,-0.03589697927236557,-0.013144902884960175,20.0,0.005089889746159315,0.007530734408646822,0.0009068690123967826,-0.2204936295747757,0.6860189437866211,0.06267910450696945,21.0,0.010926519520580769,0.011212614364922047,0.000537459272891283,-0.1462475061416626,-0.006726375315338373,0.0038110073655843735,22.0,0.0035894163884222507,0.008072133176028728,0.0004980804515071213,-0.2897304594516754,0.024020208045840263,0.013638093136250973
1685054325536579100,0,54325.53515625,1.0,0.0,0.0,0.0,0.0,0.0,0.0,16.0,-0.0010798394214361906,-0.0005798417259939015,0.0002650177921168506,-0.0869695171713829,0.1322709023952484,0.03211361542344093,17.0,0.009047572501003742,0.0022932603023946285,-0.0008223035838454962,-0.05608665570616722,-0.029115252196788788,0.0789479911327362,18.0,0.00801401399075985,0.006918276194483042,-0.0010519657516852021,-0.037364136427640915,-0.01536384504288435,0.043004076927900314,20.0,0.0043429844081401825,0.006030614487826824,0.001580210984684527,-0.08304762095212936,-0.0865940973162651,0.09247425943613052,21.0,0.009958201088011265,0.01153729110956192,0.0012245544930920005,0.0750010684132576,0.026113813742995262,0.02272960916161537,22.0,0.002674821298569441,0.007296223193407059,0.0003756459627766162,-0.019769208505749702,-0.049544405192136765,0.0028303430881351233
1685054325539667500,0,54325.5390625,1.0,0.0,0.0,0.0,0.0,0.0,0.0,16.0,-0.00010201345867244527,0.002015745732933283,-0.00011488021118566394,0.07890474051237106,0.2223663479089737,-3.285199636593461e-05,17.0,0.009019843302667141,0.002037091413512826,-0.0009749244782142341,-0.1303086131811142,0.018382132053375244,0.0372067354619503,18.0,0.007388506084680557,0.006487515289336443,-0.0009825271554291248,-0.06341420859098434,-0.005626212805509567,0.031560882925987244,20.0,0.005540828220546246,0.0029189458582550287,0.0012035258114337921,0.08140934258699417,-0.19004465639591217,-0.008772824890911579,21.0,0.008953014388680458,0.011714177206158638,0.0009854951640591025,0.009332899004220963,0.04048142954707146,0.013230727054178715,22.0,0.0010328757343813777,0.007460309658199549,0.0005888747982680798,-0.09196507185697556,0.05483731999993324,0.032378748059272766
1685054325549586500,0,54325.55078125,1.0,0.0,0.0,0.0,0.0,0.0,0.0,16.0,-0.0005598749849013984,0.0017984488513320684,-0.00013734174717683345,0.028498530387878418,-0.05676702409982681,0.02854212000966072,17.0,0.009793275035917759,0.002591021591797471,-0.0011478459928184748,-0.03610045090317726,0.05505424737930298,0.05160599574446678,18.0,0.006648162379860878,0.006175603251904249,-0.00099855603184551,-0.03159477189183235,0.00451237615197897,0.019576463848352432,20.0,0.005355804692953825,0.001967292744666338,0.0017903638072311878,0.03130554407835007,-0.033700089901685715,0.08413074165582657,21.0,0.009442816488444805,0.010573321022093296,0.0015318839577957988,-0.04757602885365486,-0.09020347148180008,0.060451529920101166,22.0,0.0003199478378519416,0.006475507281720638,0.0005571803194470704,0.032355573028326035,-0.10546383261680603,-9.448746823181864e-06
1685054325559481900,0,54325.55859375,1.0,0.0,0.0,0.0,0.0,0.0,0.0,16.0,-0.0018577460432425141,0.00142675603274256,-0.0005168688367120922,-0.04689966142177582,-0.07587036490440369,-0.019669344648718834,17.0,0.010828683152794838,0.0029005282558500767,-0.001776433433406055,0.062196191400289536,0.001995456637814641,-0.01042937021702528,18.0,0.005798761732876301,0.004911220632493496,-0.001457301084883511,-0.048166126012802124,-0.049111802130937576,-0.032436758279800415,20.0,0.0091030802577734,-0.0015319178346544504,0.0003904465411324054,0.3630765676498413,-0.35975849628448486,-0.11689332127571106,21.0,0.009707956574857235,0.011672957800328732,0.0003506123903207481,-0.020629776641726494,-0.0112296799197793,-0.008898135274648666,22.0,6.798151298426092e-05,0.006891715805977583,0.00030273047741502523,-0.06570009142160416,0.01644638366997242,-0.02383645623922348
1685054325579642400,0,54325.578125,1.0,0.0,0.0,0.0,0.0,0.0,0.0,16.0,-0.0007709835190325975,-9.213941666530445e-05,-0.0006391824572347105,0.12681184709072113,-0.0689302533864975,0.025082457810640335,17.0,0.010036691091954708,0.0037163225933909416,-0.0018283211393281817,-0.04288235306739807,0.055770497769117355,-0.011938630603253841,18.0,0.005498967599123716,0.004512906074523926,-0.0013150953454896808,-0.03325287252664566,0.03966619819402695,0.05182521417737007,20.0,0.008797920309007168,-0.002632948337122798,0.00022450502729043365,-0.046583276242017746,-0.054643962532281876,0.025071823969483376,21.0,0.011314625851809978,0.010916940867900848,6.865847535664216e-05,-0.10596398264169693,-0.04073408618569374,0.008142348378896713,22.0,0.0002266304800286889,0.007067063823342323,-2.9927774448879063e-05,-0.0704338401556015,0.03903430327773094,-0.0053849550895392895
1685054325580082900,0,54325.578125,1.0,0.0,0.0,0.0,0.0,0.0,0.0,16.0,-0.0005344373057596385,-0.001438509440049529,-0.0006767880404368043,0.0774860829114914,-0.14011509716510773,-0.011989513412117958,17.0,0.008431337773799896,0.004437905270606279,-0.001786777749657631,-0.04074965417385101,-0.037081796675920486,-0.005129171069711447,18.0,0.004297405481338501,0.004931359086185694,-0.002258875872939825,-0.06318975239992142,-0.014822554774582386,-0.10869969427585602,20.0,0.008696774020791054,-0.0014331963611766696,-2.688615131773986e-05,0.04317392408847809,0.060194555670022964,-0.030896155163645744,21.0,0.009067523293197155,0.009998396970331669,-4.6738718083361164e-05,-0.1149834543466568,0.031066983938217163,-0.04058638960123062,22.0,0.00012413952208589762,0.006152942311018705,-0.0008384140091948211,-0.05125165358185768,-0.09840208292007446,-0.10277888178825378
1685054325589941400,0,54325.58984375,1.0,0.0,0.0,0.0,0.0,0.0,0.0,16.0,-0.0011429174337536097,-0.001553891459479928,-0.0009162186761386693,-0.11797363311052322,-0.04458290711045265,-0.02209227904677391,17.0,0.008924456313252449,0.0042295195162296295,-0.0021233977749943733,-0.1463409662246704,0.01435851864516735,-0.02623417042195797,18.0,0.004226441960781813,0.004797246307134628,-0.0019499869085848331,-0.12743301689624786,-0.05144167318940163,0.023102279752492905,20.0,0.006248060148209333,-0.0005013542831875384,-7.459495100192726e-05,-0.3097958266735077,0.028441976755857468,-0.0019380698213353753,21.0,0.00857674703001976,0.00943042989820242,-0.00021500446018762887,-0.14163701236248016,-0.1363864541053772,-0.036933790892362595,22.0,0.0005445542628876865,0.006623141001909971,-0.0010575770866125822,-0.11842163652181625,0.029668191447854042,-0.04005862772464752
1685054325600141900,0,54325.59765625,1.0,0.0,0.0,0.0,0.0,0.0,0.0,16.0,-0.003283405676484108,-0.00034162375959567726,-0.001171781332232058,-0.2342991679906845,0.11658906936645508,-0.03295665606856346,17.0,0.009943123906850815,0.0019186586141586304,-0.0025112745352089405,0.08295979350805283,0.007351413369178772,0.024132762104272842,18.0,0.004241444170475006,0.0042614624835550785,-0.002108842134475708,-0.08824796229600906,0.005584982689470053,-0.028624163940548897,20.0,0.006682138890028,0.000982718076556921,-0.0004016406019218266,0.008079341612756252,0.13309548795223236,-0.03633008524775505,21.0,0.0064939893782138824,0.008953006006777287,-0.0003850902139674872,-0.1455468088388443,-0.028632018715143204,0.02164623700082302,22.0,0.00045110174687579274,0.0054848515428602695,-0.0008650716627016664,-0.04874856770038605,-0.047658246010541916,-0.00791731383651495
1685054325609610100,0,54325.609375,1.0,0.0,0.0,0.0,0.0,0.0,0.0,16.0,-0.004383379593491554,0.0003667405981104821,-0.0004577200743369758,-0.09808818995952606,0.08687101304531097,0.059393491595983505,17.0,0.00947242695838213,0.0012023858726024628,-0.0017885449342429638,-0.02611955814063549,-0.019327469170093536,0.032187387347221375,18.0,0.004360425751656294,0.0030849073082208633,-0.0021068116184324026,-0.024846240878105164,-0.021035052835941315,-0.019650066271424294,20.0,0.0044749826192855835,0.0009798294631764293,0.00019376599811948836,-0.20482288300991058,0.02048475109040737,0.05274202302098274,21.0,0.004497711081057787,0.007951532490551472,0.00019744093879126012,-0.09009198844432831,-0.08083565533161163,-0.012990479357540607,22.0,-0.0003403285227250308,0.005063180346041918,-0.0005563516169786453,-0.05108340457081795,0.017673736438155174,0.0005295075243338943
1685054325619521200,0,54325.6171875,1.0,0.0,0.0,0.0,0.0,0.0,0.0,16.0,-0.003695610910654068,0.0015743876574561,0.0001493090676376596,0.09241577237844467,0.1752554178237915,0.05396055802702904,17.0,0.009354711510241032,-0.00011442616232670844,-0.0009891708614304662,-0.057481177151203156,-0.03109208308160305,0.024963166564702988,18.0,0.00393762206658721,0.001885292469523847,-0.0012219776399433613,-0.03314965218305588,-0.0047526052221655846,0.06682755798101425,20.0,0.0036184177733957767,7.576680218335241e-05,0.0006500796880573034,-0.047195836901664734,-0.05045177415013313,0.04472128301858902,21.0,0.004026961978524923,0.006067258771508932,0.0006296477513387799,-0.07177267968654633,0.013544564135372639,0.028863981366157532,22.0,-0.0009147145901806653,0.004363460931926966,-0.00012132328993175179,-0.018920566886663437,0.04281910881400108,0.016995824873447418
1685054325629948200,0,54325.62890625,1.0,0.0,0.0,0.0,0.0,0.0,0.0,16.0,-0.001319856964983046,0.0012345992727205157,-0.0005720553454011679,0.12463198602199554,0.07238642871379852,-0.08264978229999542,17.0,0.009671132080256939,-0.0010989998700097203,-0.001488017849624157,-0.1339368373155594,-0.023482274264097214,-0.030526963993906975,18.0,0.0035094404593110085,0.001232491573318839,-0.0014636337291449308,-0.15135043859481812,0.0472843199968338,-0.050549525767564774,20.0,0.004292759113013744,-0.00017474760534241796,-0.00021200632909312844,-0.03211342543363571,0.04160856455564499,-0.08924271166324615,21.0,0.003996775485575199,0.004285772796720266,-0.0001895330351544544,-0.1758241355419159,-0.09516974538564682,-0.036107927560806274,22.0,-0.0010731309885159135,0.002938339486718178,-0.0004356694989837706,-0.10152547806501389,0.0020980292465537786,-0.058438077569007874
1685054325640300200,0,54325.640625,1.0,0.0,0.0,0.0,0.0,0.0,0.0,16.0,-0.0012846649624407291,-0.0014944529393687844,-0.0002945327141787857,0.04177461937069893,-0.16832876205444336,0.011847827583551407,17.0,0.010857779532670975,-0.0018020059214904904,-0.0014083818532526493,0.06716589629650116,0.036742523312568665,0.01697697304189205,18.0,0.0038063309621065855,0.0004168570740148425,-0.0009918023133650422,0.015463788993656635,0.01405276544392109,0.021712560206651688,20.0,0.004032754339277744,-0.0018578622257336974,-0.0002742655633483082,0.04054076597094536,-0.10273399204015732,-0.013499010354280472,21.0,0.004626386798918247,0.003324860939756036,-0.0003060268936678767,-0.1949094533920288,-0.11735739558935165,-0.005322644021362066,22.0,-0.0009995708242058754,0.002203454030677676,-0.0004996880306862295,-0.028890538960695267,0.038735635578632355,-0.030266474932432175
1685054325649514900,0,54325.6484375,1.0,0.0,0.0,0.0,0.0,0.0,0.0,16.0,0.0016495268791913986,-0.0012074952246621251,-0.001020168187096715,0.17685994505882263,0.011552002280950546,-0.09561415761709213,17.0,0.00897286832332611,-0.0010871919803321362,-0.0017054886557161808,-0.08646927773952484,0.0034255541395395994,-0.10248944908380508,18.0,0.003110838122665882,0.0003498641890473664,-0.0015522537287324667,-0.16116175055503845,-0.01842695102095604,-0.08982513844966888,20.0,0.004271795507520437,0.0006043199682608247,-0.0003976053558290005,-0.06577830761671066,0.1958184540271759,-0.029488297179341316,21.0,0.003456766251474619,-1.4996132449596189e-05,-0.00034753058571368456,-0.2159319669008255,-0.07108259201049805,-0.08475255966186523,22.0,-0.0006734380149282515,0.001104186987504363,-0.0008789641433395445,-0.17126712203025818,-0.00843854621052742,-0.06990322470664978
1685054325659776200,0,54325.66015625,1.0,0.0,0.0,0.0,0.0,0.0,0.0,16.0,0.0020920338574796915,-0.0009853041265159845,-0.0013853042619302869,-0.03522017225623131,0.07950259000062943,-0.06407258659601212,17.0,0.009038358926773071,-0.0010671194177120924,-0.0020261432509869337,-0.1770966351032257,-0.008048481307923794,-0.02819802425801754,18.0,0.0028040504548698664,-0.00022491117124445736,-0.001345729804597795,-0.10901128500699997,0.0016458332538604736,-0.012240095995366573,20.0,0.003656847169622779,-0.0021932327654212713,-0.0004818317829631269,-0.12574894726276398,-0.23478162288665771,-0.025978200137615204,21.0,0.0026479570660740137,-0.0009525097557343543,-0.0004178484086878598,-0.20806100964546204,-0.17611490190029144,-0.03724440932273865,22.0,0.00033195948344655335,7.2938951234391425e-06,-0.0010316924890503287,-0.10325032472610474,-0.006833142135292292,-0.04875347390770912
1685054325679655200,0,54325.6796875,1.0,0.0,0.0,0.0,0.0,0.0,0.0,16.0,0.002000488108024001,-0.0018677243497222662,-0.0014605692122131586,0.028790755197405815,-0.09972865134477615,-0.04009290784597397,17.0,0.008802488446235657,-0.001123312278650701,-0.00212534936144948,-0.05063610151410103,-0.09966994822025299,-0.02169797569513321,18.0,0.0027828507591038942,-0.0005469920579344034,-0.0008300669142045081,0.002836712636053562,-0.09047916531562805,0.025976834818720818,20.0,0.002647369634360075,-0.0034358464181423187,-0.00037077415618114173,-0.06010785326361656,-0.17041873931884766,-0.009923053905367851,21.0,0.0006491447566077113,-0.0028314506635069847,-0.0002458450908306986,-0.07016459852457047,-0.07347892224788666,-0.010371973738074303,22.0,0.0009059753501787782,-0.0002831003803294152,-0.0006709620938636363,0.006139157805591822,-0.004031816963106394,-0.0006090007373131812
1685054325680167500,0,54325.6796875,1.0,0.0,0.0,0.0,0.0,0.0,0.0,16.0,0.0011741274502128363,-0.0012404032750055194,-0.0007888334221206605,0.005501109175384045,0.10070585459470749,0.033031925559043884,17.0,0.007845692336559296,-0.0013577442150563002,-0.001402108813636005,-0.02115902490913868,0.03421710804104805,0.019539352506399155,18.0,0.002144010504707694,-9.303827027906664e-06,-0.0011013111798092723,-0.01705300435423851,0.04654347524046898,-0.050441909581422806,20.0,0.0021206084638834,-0.0015312269097194076,-0.00012183651415398344,0.02465219236910343,0.1823415756225586,0.00475724320858717,21.0,-0.0008136908290907741,-0.004232507664710283,5.8296525821788236e-05,-0.010809177532792091,0.015676993876695633,0.02631530910730362,22.0,6.547227530973032e-05,-0.0010430117836222053,-3.647304993137368e-06,-0.0264519602060318,0.05560185760259628,0.03401055932044983
1685054325690439500,0,54325.69140625,1.0,0.0,0.0,0.0,0.0,0.0,0.0,16.0,-0.0009322899277321994,0.0006162927020341158,-0.0008516070665791631,-0.2013249546289444,0.26809370517730713,-0.04315822198987007,17.0,0.00852194707840681,-0.003221421968191862,-0.0015529805095866323,-0.03718402236700058,0.11620740592479706,-0.029219159856438637,18.0,0.00235170591622591,-0.000648518733214587,-0.000760982686188072,-0.028176361694931984,0.042267344892024994,0.006747713778167963,20.0,-0.0006147511303424835,-0.0016237437957897782,-8.12845682958141e-05,-0.2614319920539856,0.03587567061185837,-0.014643963426351547,21.0,-0.0006709074368700385,-0.00338019453920424,-7.937714690342546e-05,-0.1272573173046112,0.039139460772275925,-0.01656269282102585,22.0,0.00013513007434085011,-0.002107465174049139,-3.397693217266351e-05,-0.04848727211356163,0.05369538068771362,-0.02780592069029808
1685054325699655100,0,54325.69921875,1.0,0.0,0.0,0.0,0.0,0.0,0.0,16.0,-0.0010766894556581974,0.00013319772551767528,-0.00030051026260480285,0.030294431373476982,-0.0211073886603117,0.018796734511852264,17.0,0.008921044878661633,-0.0029052484314888716,-0.0010875791776925325,0.012520202435553074,0.04552257061004639,0.020989088341593742,18.0,0.002410795306786895,-0.0012747285654768348,-0.00040867613279260695,-0.0005369537975639105,-0.01637822762131691,0.009416519664227962,20.0,-0.00261135445907712,-0.0006127370288595557,0.0004451621207408607,-0.1525573581457138,0.0903485044836998,0.03682690113782883,21.0,-0.0009194023441523314,-0.0028699850663542747,0.00033796296338550746,0.007743803318589926,-0.03812987357378006,0.028169477358460426,22.0,0.0004229986516293138,-0.002689698012545705,-1.0493421541468706e-05,0.017448188737034798,0.004025974776595831,-0.0184636153280735
1685054325709618300,0,54325.7109375,1.0,0.0,0.0,0.0,0.0,0.0,0.0,16.0,8.641034946776927e-05,-0.0015496379928663373,9.790961485123262e-05,0.11445256322622299,-0.07070689648389816,0.01050106342881918,17.0,0.008555521257221699,-0.002744534518569708,-0.0006309747113846242,-0.03368188068270683,0.036201056092977524,0.017354581505060196,18.0,0.0024907246697694063,-0.0012876553228124976,-0.00010040651250164956,-0.025596532970666885,0.07577653229236603,0.01006252970546484,20.0,-0.001103377086110413,-0.0014884340343996882,0.0006409322377294302,0.14557106792926788,-0.015208296477794647,0.013562084175646305,21.0,-0.001918285503052175,-0.0021076437551528215,0.0006911169621162117,-0.0534222275018692,0.04787775129079819,-0.0009331688634119928,22.0,0.00042638543527573347,-0.002929351758211851,0.00023263352341018617,-0.009465396404266357,0.059712983667850494,0.008585242554545403
1685054325723259100,0,54325.71875,1.0,0.0,0.0,0.0,0.0,0.0,0.0,16.0,0.0013178123626857996,-0.0018730389419943094,0.00014261543401516974,0.06183355301618576,-0.0966688022017479,-0.018769094720482826,17.0,0.007896159775555134,-0.0031144553795456886,-0.0004090718866791576,-0.057168349623680115,-0.0439428836107254,-0.006299054715782404,18.0,0.0028240294195711613,-0.0011446112766861916,-1.9483813957776874e-05,-0.031327877193689346,-0.024842416867613792,-0.012215382419526577,20.0,-0.001644604722969234,-0.0019012417178601027,0.00028795309481211007,-0.10965628176927567,-0.11325404047966003,-0.04105908423662186,21.0,-0.0019505135715007782,-0.003553960705175996,0.0003056771238334477,-0.09960313886404037,-0.1080905944108963,-0.03811968117952347,22.0,0.0009791627526283264,-0.0030056957621127367,0.00025589793222025037,-0.02336449734866619,-0.07206283509731293,-0.011257873848080635
1685054325750656600,0,54325.75,1.0,0.0,0.0,0.0,0.0,0.0,0.0,16.0,0.0031087191309779882,0.0009716951753944159,0.00039188636583276093,0.11031077057123184,0.18012024462223053,-0.022497039288282394,17.0,0.008303792215883732,-0.0033259796909987926,0.00010716704855440184,-0.0201820470392704,-0.02744552120566368,0.017828693613409996,18.0,0.002469530561938882,-0.0004052792501170188,0.00017112131172325462,0.03587858006358147,-0.023656561970710754,-0.01321500726044178,20.0,-0.0015094949631020427,-0.0030076077673584223,-0.00011317144526401535,-0.02554614096879959,-0.31767311692237854,-0.05197561904788017,21.0,0.0001788310328265652,-0.0025239645037800074,-0.00021774997003376484,0.05316116288304329,-0.05772769823670387,0.003142438130453229,22.0,0.002520073903724551,-0.0032485893461853266,-0.00010289200872648507,0.04602552205324173,-0.033570945262908936,-0.0092545161023736
1685054325759773500,0,54325.7578125,1.0,0.0,0.0,0.0,0.0,0.0,0.0,16.0,0.003546834923326969,-0.000977730262093246,0.0004031884018331766,0.06548267602920532,-0.20955146849155426,-4.055139288539067e-05,17.0,0.0070691476576030254,-0.002604174893349409,0.00015159568283706903,0.005741834174841642,-0.05324660986661911,-0.029216820374131203,18.0,0.0023134672082960606,-0.00033833610359579325,0.0006449331413023174,0.006143954116851091,0.028456592932343483,0.037263598293066025,20.0,-0.001130304066464305,-0.002810257952660322,-0.00011174949759151787,0.0671263039112091,-0.010938949882984161,-0.006201490294188261,21.0,-0.001255261362530291,-0.002758014015853405,-0.00010395615390734747,0.006832924671471119,-0.04829626902937889,-0.029848724603652954,22.0,0.0023142744321376085,-0.0025437851436436176,-0.00015184326912276447,-0.026205765083432198,-0.003320990363135934,-0.010346301831305027
1685054325769767600,0,54325.76953125,1.0,0.0,0.0,0.0,0.0,0.0,0.0,16.0,0.0033974479883909225,-0.0013881406048312783,0.00016188068548217416,-0.008716423995792866,-0.05152643471956253,-0.03238803893327713,17.0,0.007178359664976597,-0.0012918520951643586,-0.00019192752370145172,-0.030933482572436333,-0.01836257427930832,-0.024479860439896584,18.0,0.0018337047658860683,-0.0005830851732753217,0.00010896122694248334,-0.03482162579894066,-0.015585933811962605,-0.06527857482433319,20.0,-0.0005918384995311499,-0.001868568710051477,-0.0005934752989560366,0.0812855213880539,0.048281945288181305,-0.05351819470524788,21.0,-0.0013912144349887967,-0.0016269433544948697,-0.0005437445361167192,0.045132752507925034,0.03935566917061806,-0.04734611138701439,22.0,0.0032185653690248728,-0.002575573278591037,-0.0006652000010944903,-0.004693089053034782,0.028911538422107697,-0.052999913692474365
1685054325789586100,0,54325.7890625,1.0,0.0,0.0,0.0,0.0,0.0,0.0,16.0,0.002527849981561303,0.0002016522630583495,0.00031587143894284964,-0.06802615523338318,0.15438814461231232,0.009863981045782566,17.0,0.00839601643383503,-0.0024341405369341373,-0.00010654678044375032,0.045499496161937714,0.00911139789968729,0.05310904607176781,18.0,0.0016364329494535923,-0.0009350495529361069,0.00033705669920891523,-0.010029452852904797,-0.029043959453701973,0.016669658944010735,20.0,-0.0010220296680927277,-0.0018169534159824252,-0.0003255302435718477,-0.010166835971176624,-0.021868102252483368,0.024113157764077187,21.0,-0.0015315742930397391,-0.0007837273878976703,-0.0002933455689344555,-0.007260405458509922,-0.02742406167089939,0.04074350371956825,22.0,0.0033525354228913784,-0.0023788323160260916,-0.0002896257792599499,-0.0020496335346251726,-0.027782216668128967,0.03846050426363945
1685054325790086200,0,54325.7890625,1.0,0.0,0.0,0.0,0.0,0.0,0.0,16.0,0.0020927696023136377,0.0001708327472442761,0.00022196079953573644,-0.031286709010601044,-0.08564396947622299,-0.01154749933630228,17.0,0.008310345932841301,-0.0029565186705440283,-0.00021017983090132475,0.003067062934860587,-0.04800904169678688,-0.001757623627781868,18.0,0.0019620880484580994,-0.0009702318347990513,0.000367873755749315,-0.006260095164179802,-0.045223694294691086,0.0009568824898451567,20.0,-0.001729423995129764,0.00010176142677664757,-0.00010079937783302739,-0.05282298102974892,0.0916469469666481,0.02122652530670166,21.0,-0.00014582660514861345,-0.001241738791577518,-0.00019967701518908143,0.01496207993477583,-0.04552863538265228,0.014081035740673542,22.0,0.0032066358253359795,-0.0013660392723977566,-0.00045801146188750863,-0.04097163304686546,-0.02485697716474533,-0.014973322860896587
1685054325799721600,0,54325.80078125,1.0,0.0,0.0,0.0,0.0,0.0,0.0,16.0,0.0029729700181633234,-0.000414142879890278,0.0011337903561070561,0.10401322692632675,-0.05335705354809761,0.09324315190315247,17.0,0.006055849604308605,-0.0026697420980781317,0.0009515195270068944,-0.04063127562403679,-0.04270786792039871,0.01872485876083374,18.0,0.001977906096726656,-0.0005158064886927605,0.0008461735560558736,0.00825501885265112,0.053589679300785065,0.04468579217791557,20.0,-0.0024774535559117794,0.0003257945354562253,0.0002733590081334114,-0.06766312569379807,0.021169407293200493,0.04104386270046234,21.0,0.00030507417977787554,-0.0013803454348817468,0.00010021027264883742,0.02697123773396015,0.06463205069303513,-0.0034845375921577215,22.0,0.003723005298525095,-0.001139519503340125,-0.0006819135742262006,0.013221661560237408,-0.0026670757215470076,-0.022572604939341545
1685054325811197500,0,54325.80859375,1.0,0.0,0.0,0.0,0.0,0.0,0.0,16.0,0.0015382446581497788,0.0002411199820926413,0.0014093625359237194,-0.06455573439598083,0.038904160261154175,0.038358353078365326,17.0,0.006966697983443737,-0.003024202771484852,0.0010563716059550643,0.04790104925632477,-0.01249154843389988,0.06004879251122475,18.0,0.002050248207524419,-0.0013324489118531346,0.0016030592378228903,0.06878919154405594,-0.07309024780988693,0.08000128716230392,20.0,-0.000671508489176631,0.0016897269524633884,0.00030002446146681905,0.24234537780284882,0.12198913842439651,0.012741024605929852,21.0,-0.00021704545360989869,-0.0010996430646628141,0.00027070281794294715,0.039301205426454544,-0.0312036219984293,0.04498982056975365,22.0,0.003461613552644849,-0.0011808041017502546,-0.00024431865313090384,0.033200133591890335,-0.01742318458855152,0.04285198822617531
1685054325819589000,0,54325.8203125,1.0,0.0,0.0,0.0,0.0,0.0,0.0,16.0,0.0033719376660883427,0.0012500772718340158,0.0007352700922638178,0.013468077406287193,0.06816095113754272,-0.051698554307222366,17.0,0.006639926694333553,-0.002831878373399377,0.0006191545980982482,-0.14562785625457764,-0.11196025460958481,-0.013788287527859211,18.0,0.000981927034445107,-0.0005326610989868641,0.0009166563395410776,-0.20841865241527557,0.015910211950540543,-0.05733926221728325,20.0,-0.002118045696988702,0.0019274066435173154,-1.3792120626021642e-05,-0.3327378034591675,0.010552724823355675,-0.01859007589519024,21.0,-0.0012490686494857073,-0.00012277030327823013,-6.832733924966305e-05,-0.20389507710933685,-0.006155356299132109,-0.042174067348241806,22.0,0.0033266639802604914,-0.0008689703536219895,-4.3228887079749256e-05,-0.21040868759155273,-0.008288802579045296,0.025067679584026337
1685054325829574300,0,54325.828125,1.0,0.0,0.0,0.0,0.0,0.0,0.0,16.0,0.001386876218020916,-0.0007849654066376388,0.0007272633956745267,-0.035216446965932846,-0.19574370980262756,0.0078007252886891365,17.0,0.007447771728038788,-0.002127882791683078,0.00022824144980404526,0.006624123081564903,0.10976266115903854,0.010415181517601013,18.0,0.0010168739827349782,0.00011696193541865796,0.0011251253308728337,0.09001969546079636,0.044621601700782776,0.03464250639081001,20.0,0.0008182984893210232,0.001097444212064147,0.0004615473444573581,0.4069896936416626,-0.03731685131788254,0.053289029747247696,21.0,-0.002858370076864958,0.0003930776147171855,0.0006889622309245169,0.13156047463417053,-0.02754584513604641,0.027016758918762207,22.0,0.00277297617867589,-0.0005261500482447445,0.0004287073388695717,0.14646944403648376,-0.01633121632039547,0.046078626066446304
1685054325839665600,0,54325.83984375,1.0,0.0,0.0,0.0,0.0,0.0,0.0,16.0,0.001964257098734379,-0.001649595214985311,0.0004219355760142207,-0.044702429324388504,-0.15571509301662445,-0.017649417743086815,17.0,0.006430762354284525,-0.0015811887569725513,5.953364507149672e-06,-0.019193224608898163,0.004884961526840925,-0.03584996610879898,18.0,0.001033049076795578,-0.00010808359365910292,0.0001745462213875726,-0.12173061072826385,-0.06696777045726776,-0.08058294653892517,20.0,0.001896041794680059,-0.0007608382729813457,-2.5085893867071718e-05,-0.010237624868750572,-0.20566034317016602,-0.04134358465671539,21.0,-0.003748800838366151,0.0008593605598434806,0.0003254972107242793,-0.16950534284114838,0.047862861305475235,-0.04819299280643463,22.0,0.00150871102232486,0.0006655481411144137,0.000541571294888854,-0.15792661905288696,0.005558420903980732,0.01572805643081665
1685054325849575300,0,54325.84765625,1.0,0.0,0.0,0.0,0.0,0.0,0.0,16.0,0.003557451069355011,-0.0008626646595075727,0.0005396379856392741,0.15456123650074005,0.0582556389272213,0.023421870544552803,17.0,0.004865842405706644,-0.0013522198423743248,0.00044089730363339186,-0.09030850231647491,-0.03274080157279968,-0.011996818706393242,18.0,0.0007119996007531881,-1.3137179166733404e-06,0.0002895865764003247,-0.022034361958503723,0.03372584655880928,0.014990600757300854,20.0,0.002000050153583288,0.0004602953267749399,-0.00018295574409421533,0.018028153106570244,0.14065417647361755,-0.01571810431778431,21.0,-0.002541166730225086,-0.0009336129296571016,9.850983042269945e-05,0.032477542757987976,0.022289205342531204,-0.035370972007513046,22.0,0.0008258910966105759,0.0010762290330603719,-5.933559077675454e-05,-0.025385377928614616,0.06186165660619736,-0.05846617370843887
1685054325859587300,0,54325.859375,1.0,0.0,0.0,0.0,0.0,0.0,0.0,16.0,0.0025777805130928755,0.0031062879133969545,-0.00029319891473278403,-0.15954536199569702,0.32456815242767334,-0.07442193478345871,17.0,0.0048637110739946365,-0.00240620831027627,-0.0002535098174121231,-0.17152099311351776,-0.06987861543893814,-0.06286539882421494,18.0,0.0006580045446753502,4.921529398416169e-05,0.00027309826691634953,-0.0837915912270546,0.006911938544362783,-0.0006229106802493334,20.0,-0.0011655805865302682,0.001903893193230033,-0.00024289324937853962,-0.3766880929470062,0.09885594993829727,-0.013270555064082146,21.0,-0.00017212687816936523,-0.00019795580010395497,-0.00030511434306390584,-0.007156253792345524,-0.04243157058954239,-0.04522016644477844,22.0,0.001539726392365992,0.0004921609652228653,-0.00035088389995507896,-0.051497865468263626,-0.06567507982254028,-0.032231565564870834
1685054325879590900,0,54325.87890625,1.0,0.0,0.0,0.0,0.0,0.0,0.0,16.0,0.003076867200434208,0.0018195445882156491,-0.00030193335260264575,0.05185358226299286,-0.11175788938999176,-0.002257600426673889,17.0,0.005108363926410675,-0.002187382662668824,-0.00030727213015779853,-0.010399525053799152,-0.04027554765343666,0.018358347937464714,18.0,0.000100189536169637,-0.00039358812500722706,-0.0003079475718550384,-0.004657230339944363,-0.003953663632273674,-0.05009060353040695,20.0,-0.001661452348344028,0.0007454977603629231,-0.0001729703217279166,-0.031744226813316345,-0.071663498878479,-0.004376010503619909,21.0,-0.0006822916329838336,0.0022080829367041588,-0.00023329372925218195,0.006697212811559439,0.0027386171277612448,0.01817428693175316,22.0,0.0022541305515915155,0.00046072006807662547,-9.358301758766174e-05,0.016383333131670952,0.0035602792631834745,0.020175611600279808
1685054325880097800,0,54325.87890625,1.0,0.0,0.0,0.0,0.0,0.0,0.0,16.0,0.002912435680627823,0.00184304965659976,-0.0004184432909823954,0.009050773456692696,0.08531158417463303,-0.01222954597324133,17.0,0.004944134969264269,-0.0021637752652168274,-0.0004237536631990224,0.06690220534801483,0.15581277012825012,0.05110820010304451,18.0,-0.000649962923489511,-0.0002687397936824709,-0.00033790047746151686,-0.02762884646654129,0.11469118297100067,-0.0029748575761914253,20.0,-0.001738553517498076,0.0017757090972736478,0.0005840809899382293,-0.02253594435751438,0.19291995465755463,0.06545578688383102,21.0,-0.0020133801735937595,0.0018445582827553153,0.0006011412478983402,-0.0019504777155816555,0.12247120589017868,0.068479984998703,22.0,0.001978711923584342,0.0004896240425296128,0.00017942872364073992,-0.03930377960205078,0.08653707057237625,0.019208401441574097
1685054325890313700,0,54325.890625,1.0,0.0,0.0,0.0,0.0,0.0,0.0,16.0,0.002037621336057782,-0.0019120099022984505,-0.0002192867104895413,-0.009884759783744812,-0.29173916578292847,0.019431203603744507,17.0,0.0051557160913944244,-0.001091957907192409,-0.0005457838415168226,0.07672905176877975,-0.01960904151201248,-0.0005883504636585712,18.0,-0.0009784409776329994,-0.0011435637716203928,-0.0004273937956895679,0.004090799018740654,-0.07399161905050278,-0.013508465141057968,20.0,0.0023224884644150734,-0.0009112782427109778,0.0005167183699086308,0.4254932999610901,-0.20019792020320892,-0.015711981803178787,21.0,-0.004685814026743174,0.00022846130013931543,0.000952318892814219,0.020138369873166084,0.009521400555968285,-0.06318546086549759,22.0,0.00010871692938962951,-0.00022914560395292938,0.0006789739709347486,-0.0384642630815506,-0.002918197074905038,0.03543031960725784
1685054325899814400,0,54325.8984375,1.0,0.0,0.0,0.0,0.0,0.0,0.0,16.0,0.004005845636129379,-0.003055028384551406,1.3825909263687208e-05,0.22285756468772888,-0.021108873188495636,0.024631638079881668,17.0,0.0041029565036296844,0.0004480656061787158,-0.00015474895189981908,-0.006071953568607569,0.11703986674547195,-0.02556905336678028,18.0,-0.0019035168224945664,-0.00017477750952821225,-0.0005452418699860573,-0.05262589082121849,0.12756863236427307,-0.026403605937957764,20.0,0.0013268098700791597,0.0006439451826736331,0.0006405569729395211,-0.08258163183927536,0.27290278673171997,0.004574489779770374,21.0,-0.004028708208352327,-0.0013682401040568948,0.000973232148680836,0.01682928204536438,0.060866184532642365,-0.0946245789527893,22.0,-0.0010680543491616845,-0.001043305266648531,0.0005919995601288974,-0.017583709210157394,0.08345170319080353,-0.0234088022261858
1685054325909716700,0,54325.91015625,1.0,0.0,0.0,0.0,0.0,0.0,0.0,16.0,0.000384376646252349,-0.0009948150254786015,-0.0008438296499662101,-0.4139920473098755,0.1601332277059555,-0.0894981324672699,17.0,0.006571703124791384,-0.00147521763574332,-0.0013960320502519608,-0.07933048158884048,-0.05147542059421539,-0.06229192018508911,18.0,-0.0013619206147268414,-0.00022365480253938586,-0.0009053797693923116,-0.09667185693979263,-0.028329892084002495,-0.0504223071038723,20.0,-0.0009213435696437955,0.0001444920344511047,0.0003899800358340144,-0.27939894795417786,-0.02559070661664009,-0.03146056830883026,21.0,-0.0024500531144440174,-0.0011806456604972482,0.00048485939623788,-6.0272199334576726e-05,0.01119620818644762,-0.04205339401960373,22.0,-0.001363876974210143,-0.0018723116954788566,-0.00043665425619110465,-0.089495949447155,-0.046912625432014465,-0.1199394166469574
1685054325919552300,0,54325.91796875,1.0,0.0,0.0,0.0,0.0,0.0,0.0,16.0,4.892139622825198e-05,0.0008293045684695244,-0.0005885710124857724,-0.019028183072805405,0.22377461194992065,0.017712164670228958,17.0,0.007446823175996542,-0.0036433732602745295,-0.0010708756744861603,0.04888114333152771,0.03252248838543892,0.06250257790088654,18.0,-0.000300445593893528,-0.001331652165390551,-0.00042960557038895786,0.025160009041428566,0.0029410948045551777,0.03732497617602348,20.0,-0.003413786878809333,-0.0017489211168140173,0.0010219223331660032,-0.20797452330589294,-0.09867897629737854,0.06371253728866577,21.0,-0.0013756840489804745,-0.0014572270447388291,0.0008952405769377947,0.14510975778102875,0.0763079896569252,0.07802076637744904,22.0,-0.0014431142481043935,-0.0015955192502588034,9.369289182359353e-05,0.011524226516485214,0.07634380459785461,0.036517880856990814
1685054325929743000,0,54325.9296875,1.0,0.0,0.0,0.0,0.0,0.0,0.0,16.0,-0.0007000553305260837,0.0020853872410953045,-0.0004594246274791658,-0.15422968566417694,0.09404070675373077,0.009700468741357327,17.0,0.00905770156532526,-0.0043481080792844296,-0.0010699593694880605,0.01732179895043373,-0.038400422781705856,0.020269356667995453,18.0,0.0013584984699264169,-0.0015416424721479416,-0.0003105210780631751,-0.018771307542920113,0.00469494191929698,0.011701555922627449,20.0,-0.0029661348089575768,-0.0021111387759447098,0.00100081751588732,-0.006815715227276087,-0.08004433661699295,0.002470084698870778,21.0,-0.00017300316540058702,-0.00021812593331560493,0.0008276997832581401,-0.0010819508461281657,0.0920802503824234,0.015266121365129948,22.0,-0.0014199650613591075,-0.001211938331834972,0.0006498976144939661,-0.0677141323685646,-0.007992226630449295,0.04407432675361633
1685054325939905500,0,54325.9375,1.0,0.0,0.0,0.0,0.0,0.0,0.0,16.0,0.0007100130314938724,0.0008873899932950735,-0.0007588727748952806,0.004607891198247671,-0.07714878767728806,-0.03195090964436531,17.0,0.011448378674685955,-0.00411500409245491,-0.0015241845976561308,-0.007962541654706001,0.004187308251857758,-0.03436801955103874,18.0,0.003137830877676606,-0.0022603143006563187,-0.0003610876156017184,-0.05026700720191002,-0.03222085162997246,0.00298703252337873,20.0,-0.0018305215053260326,-0.00010830860992427915,0.0006983434432186186,0.013185008428990841,0.1987370401620865,-0.025658266618847847,21.0,-0.00020691136887762696,-0.0005565264727920294,0.000597476726397872,0.04436803236603737,-0.07278537005186081,-0.06671737134456635,22.0,-0.0010903753573074937,-0.0014214989496394992,0.00044789601815864444,-0.05187305063009262,0.01023243647068739,-0.027638981118798256
1685054325949554200,0,54325.94921875,1.0,0.0,0.0,0.0,0.0,0.0,0.0,16.0,0.0017615730175748467,-0.001093538012355566,-0.0003642603405751288,0.08041343092918396,-0.203232541680336,0.03785837069153786,17.0,0.012548105791211128,-0.003974207676947117,-0.0012297340435907245,0.14117969572544098,-0.009423557668924332,0.012758033350110054,18.0,0.00427307840436697,-0.0023184914607554674,-0.0004105090338271111,0.04510428383946419,-0.020632585510611534,0.005035503301769495,20.0,-0.0011760180350393057,-0.0013296641409397125,0.0006885998300276697,0.08880694955587387,-0.15146911144256592,-0.00046774710062891245,21.0,-0.0008459629025310278,0.0003577102907001972,0.0006684719119220972,0.08267220854759216,-0.04415496438741684,0.020517297089099884,22.0,-0.0014835072215646505,-0.001839719945564866,0.0006716388161294162,0.02233542501926422,-0.08252579718828201,0.014765349216759205
1685054325960142200,0,54325.9609375,1.0,0.0,0.0,0.0,0.0,0.0,0.0,16.0,0.003104591742157936,-0.0023315483704209328,0.00015719980001449585,0.10907561331987381,-0.13024967908859253,0.059572093188762665,17.0,0.012918259017169476,-0.004261395428329706,-0.0006608933908864856,0.06582567095756531,-0.09506236761808395,0.039537616074085236,18.0,0.004348807968199253,-0.0018831948982551694,-0.00023706939828116447,-0.018222609534859657,0.017942700535058975,0.0313936322927475,20.0,-0.0017827770207077265,-0.0038320780731737614,0.000914001080673188,-0.024981407448649406,-0.2649324834346771,0.026359153911471367,21.0,-0.0005180170410312712,0.001161324791610241,0.000836996070574969,-0.004034329205751419,-0.08287005126476288,0.04158959165215492,22.0,-0.0016882254276424646,-0.0010592300677672029,0.0006750479806214571,0.01897059939801693,-0.03170562908053398,-0.0009353393688797951
1685054325970318200,0,54325.96875,1.0,0.0,0.0,0.0,0.0,0.0,0.0,16.0,0.0026343059726059437,-0.0009070390951819718,-0.00012297011562623084,-0.11528058350086212,0.1296204924583435,-0.0257871150970459,17.0,0.013436548411846161,-0.0054769390262663364,-0.0009099604212678969,0.0034564484376460314,0.09337826818227768,0.0061753601767122746,18.0,0.004433199763298035,-0.0035559972748160362,-0.0008385400287806988,-0.04403677582740784,-0.05023086071014404,-0.060774896293878555,20.0,-0.0010657059028744698,-0.0013332832604646683,0.00017248802760150284,0.032563112676143646,0.23144516348838806,-0.06820107251405716,21.0,-0.0004212062631268054,0.0011810949072241783,0.00013329998182598501,0.026184720918536186,0.07169310748577118,-0.04377027228474617,22.0,-0.0010571555467322469,-0.0004136672068852931,0.00010654681682353839,-0.05233989283442497,0.055735889822244644,-0.05372041091322899
1685054325980346900,0,54325.98046875,1.0,0.0,0.0,0.0,0.0,0.0,0.0,16.0,0.0017460377421230078,0.00034216654603369534,-0.0001596387883182615,-0.16375009715557098,0.021352363750338554,-0.000267242721747607,17.0,0.01362551748752594,-0.005005399230867624,-0.0010085157118737698,-0.06532147526741028,-0.08532468229532242,-0.025617174804210663,18.0,0.004498201422393322,-0.0033958740532398224,-0.0007612722110934556,-0.059670884162187576,-0.002396665047854185,0.002740918891504407,20.0,-0.001295739784836769,0.001156515907496214,0.0003332040214445442,-0.07067571580410004,0.14269232749938965,0.017520742490887642,21.0,0.0011915736831724644,0.0013984761899337173,0.00017940366524271667,-0.027649007737636566,0.04319422319531441,-0.02768203243613243,22.0,-0.0009757957886904478,-0.0006538866437040269,0.0001764715852914378,-0.050048500299453735,-0.08521903306245804,0.007371984887868166
1685054325994241600,0,54325.9921875,1.0,0.0,0.0,0.0,0.0,0.0,0.0,16.0,0.0034092748537659645,0.0007552254246547818,-0.0006459549185819924,0.14517435431480408,-0.009795151650905609,-0.0487617552280426,17.0,0.011989307589828968,-0.004321214742958546,-0.001202450250275433,-0.09190414100885391,0.03316505625844002,-0.042452964931726456,18.0,0.004308388568460941,-0.004172163084149361,-0.0010316900443285704,-0.00930704828351736,-0.07367967069149017,-0.03977416828274727,20.0,0.0015738258371129632,0.0012737901415675879,0.00020325732475612313,0.29976728558540344,-0.02474118582904339,-0.017250332981348038,21.0,0.00012449709174688905,0.0017405017279088497,0.00029305790667422116,-0.10306233912706375,-0.05085700377821922,0.006934529170393944,22.0,-0.0016225558938458562,5.7959074183600023e-05,0.000414474488934502,-0.010761309415102005,0.029453199356794357,0.018177932128310204
1685054326009954700,0,54326.0078125,1.0,0.0,0.0,0.0,0.0,0.0,0.0,16.0,0.0033565356861799955,0.00029604483279399574,-0.0011489108437672257,-0.08168010413646698,0.020776670426130295,-0.06143519654870033,17.0,0.011584972962737083,-0.004290971904993057,-0.0016948024276643991,-0.08220063149929047,0.058704495429992676,-0.05653202533721924,18.0,0.0035530112218111753,-0.0038331823889166117,-0.001786896144039929,-0.11006465554237366,0.10179635137319565,-0.10035523772239685,20.0,0.000860284548252821,0.00033696257742121816,-0.00041692337254062295,-0.1054970845580101,-0.012585827149450779,-0.06941879540681839,21.0,0.000664970837533474,0.0021975741256028414,-0.00040427406202070415,-0.11032141745090485,0.035841263830661774,-0.050102196633815765,22.0,-0.00155935890506953,-0.00011746678501367569,-0.00038311921525746584,-0.0529111810028553,0.025104664266109467,-0.0866808295249939
1685054326025816000,0,54326.0234375,1.0,0.0,0.0,0.0,0.0,0.0,0.0,16.0,0.0016846894286572933,-0.0006512819672934711,-0.0007549857837148011,-0.13726890087127686,-0.04426639527082443,0.0009421009453944862,17.0,0.008587858639657497,-0.0037999239284545183,-0.0012443795567378402,-0.08374223858118057,0.061328381299972534,0.0010209009051322937,18.0,0.0022731267381459475,-0.0031229800079017878,-0.0008155224495567381,-0.034085795283317566,0.0035721329040825367,0.02219945564866066,20.0,0.001965009141713381,0.0029687429778277874,-0.00014550091873388737,0.10300220549106598,0.08439407497644424,0.005812258925288916,21.0,-0.0007573997136205435,-0.0007335527334362268,2.2367321435012855e-05,-0.02646408975124359,-0.00024672181461937726,0.014294859953224659,22.0,-0.002525217365473509,-0.0006892741075716913,-0.00018625591474119574,-0.031741514801979065,0.028226474300026894,0.014935754239559174
1685054326057273500,0,54326.0546875,1.0,0.0,0.0,0.0,0.0,0.0,0.0,16.0,0.002207219135016203,-0.0005170161603018641,0.0005587151390500367,-0.004508155398070812,0.15451887249946594,-0.06607294082641602,17.0,0.0033382782712578773,-0.002359988633543253,0.0005392926977947354,0.029911739751696587,-0.13944822549819946,-0.03022671490907669,18.0,-0.0015951620880514383,-0.0010682357242330909,0.0007954483153298497,0.03881265968084335,-0.09488500654697418,-0.04627298563718796,20.0,0.0020557530224323273,0.003436296246945858,1.773092481016647e-05,0.1108780950307846,0.27554869651794434,-0.016297249123454094,21.0,-0.0008179301512427628,-0.00024686011602170765,0.0001957336935447529,0.052861254662275314,-0.01765485666692257,-0.02069329284131527,22.0,-0.003048173850402236,-0.0009408945334143937,3.171278513036668e-05,0.03755835443735123,-0.010768036358058453,-0.05832306668162346
1685054326065510300,0,54326.06640625,1.0,0.0,0.0,0.0,0.0,0.0,0.0,16.0,0.0023676797281950712,7.213951903395355e-05,0.0004881909699179232,-0.018472570925951004,-0.05267086252570152,-0.015387821942567825,17.0,0.0020661717280745506,-0.0005054771900177002,0.0005425228737294674,-0.22309893369674683,-0.05882273614406586,-0.051566217094659805,18.0,-0.002312206430360675,-0.0005424930714070797,0.0006348406313918531,-0.09149609506130219,-0.07502288371324539,-0.03383186459541321,20.0,0.0015286077978089452,0.0011072587221860886,1.2960319509147666e-05,-0.09564237296581268,-0.25064191222190857,0.006842602510005236,21.0,-0.0010691253701224923,0.001781349303200841,0.0001742164749884978,-0.09714590758085251,0.011774783954024315,0.008038598112761974,22.0,-0.0024223492946475744,-0.000933711533434689,6.769384344806895e-05,-0.07632309198379517,-0.07176651805639267,0.009074781090021133
1685054326080714200,0,54326.078125,1.0,0.0,0.0,0.0,0.0,0.0,0.0,16.0,-0.0010113674215972424,0.0022248837631195784,0.0005711205303668976,-0.2199970781803131,0.15081769227981567,-0.025025593116879463,17.0,0.001664716168306768,-0.0007711338112130761,0.0004617097438313067,-0.058815207332372665,0.01676994003355503,-0.03822949528694153,18.0,-0.0033851617481559515,0.0005536229582503438,0.001139664906077087,0.022768499329686165,-0.1094478964805603,-0.060441017150878906,20.0,0.0033745153341442347,0.0014380960492417216,0.0002016369835473597,0.052918706089258194,0.05797367915511131,-0.0256220493465662,21.0,-0.0013175850035622716,6.643112283200026e-05,0.0004935983452014625,-0.1162518709897995,-0.0674222931265831,-0.04783159866929054,22.0,-0.003290788736194372,-0.001250370405614376,-0.0005035654758103192,0.03631258383393288,-0.05638310685753822,-0.05344053730368614
1685054326095865200,0,54326.09375,1.0,0.0,0.0,0.0,0.0,0.0,0.0,16.0,-0.0008905782015062869,0.0025059280451387167,0.0006185523816384375,0.05937913805246353,-0.0004563579277601093,0.004615672864019871,17.0,0.0005574629758484662,-0.0012592036509886384,0.0006578980828635395,0.0849217101931572,-0.06683182716369629,0.015052486211061478,18.0,-0.003938665147870779,0.0006854526000097394,0.0008635110571049154,0.0007571959285996854,-0.015013203956186771,-0.027283377945423126,20.0,0.0015312129398807883,0.0024738707579672337,0.0003714332415256649,-0.11827261000871658,0.0829499214887619,0.016068780794739723,21.0,-0.000654976349323988,-0.0005336362519301474,0.0005076866364106536,0.0718129426240921,-0.027272244915366173,0.004622920416295528,22.0,-0.003093402599915862,-0.0017411125591024756,-0.00026257787249051034,0.01690588891506195,-0.02299821376800537,0.002254639519378543
1685054326099232900,0,54326.09765625,1.0,0.0,0.0,0.0,0.0,0.0,0.0,16.0,-0.001445652567781508,0.004447890445590019,-2.6105963115696795e-05,-0.03463662788271904,0.1922168880701065,-0.05748962238430977,17.0,0.0013086344115436077,-0.0038820260670036077,0.0001032355212373659,0.008727917447686195,-0.02131805010139942,0.01248304732143879,18.0,-0.004187862388789654,-0.00017394733731634915,0.0009521690662950277,-0.009709143079817295,-0.018991945311427116,0.016957174986600876,20.0,-0.00048650175449438393,0.0015970899257808924,0.00018758796795736998,-0.18938960134983063,-0.09362553060054779,-0.013654137030243874,21.0,-0.0007705112220719457,-0.00023690832313150167,0.00020543580467347056,-0.04240650311112404,0.024557868018746376,-0.019385410472750664,22.0,-0.0026930784806609154,-0.0021554927807301283,-0.000319984566885978,-0.03290330246090889,-0.028714220970869064,-0.020949866622686386
1685054326110752600,0,54326.109375,1.0,0.0,0.0,0.0,0.0,0.0,0.0,16.0,-0.0017762702191248536,0.0023254132829606533,0.0003319661191198975,0.005479468964040279,-0.12487123161554337,0.04347919672727585,17.0,0.00027861964190378785,-0.004280609544366598,0.0004469839623197913,0.0923878401517868,0.09166333824396133,0.048920027911663055,18.0,-0.004462073091417551,-0.001763972220942378,0.0010809634113684297,0.04350226745009422,-0.016401775181293488,0.02508852258324623,20.0,-0.0011982362484559417,-0.0011940276017412543,0.0003012983361259103,-0.07240474224090576,-0.23064258694648743,0.01860981434583664,21.0,-0.0009701093076728284,0.0003666002012323588,0.0002869747986551374,0.06129230931401253,0.024441439658403397,0.042893946170806885,22.0,-0.002194785512983799,-0.0021060362923890352,0.00016666804731357843,0.010184993967413902,0.0406305156648159,0.040135882794857025
1685054326119203600,0,54326.1171875,1.0,0.0,0.0,0.0,0.0,0.0,0.0,16.0,-0.0026334363501518965,-0.00022115833417046815,0.0007194728241302073,-0.13411174714565277,-0.1952197402715683,0.051036447286605835,17.0,0.00022748232004232705,-0.0035607093013823032,0.0006090661627240479,-0.06353956460952759,-0.001172438496723771,0.008499507792294025,18.0,-0.004844333976507187,-0.0021341994870454073,0.0012086055940017104,-0.05616145581007004,0.023837393149733543,0.03160790354013443,20.0,0.0011751187266781926,-0.0008107697358354926,0.0004097522469237447,0.13102275133132935,0.03591759130358696,0.024927299469709396,21.0,-0.0015999337192624807,-0.00014020419621374458,0.0005825125845149159,-0.06388863921165466,-0.013309990055859089,-0.0026707674842327833,22.0,-0.001808531698770821,-0.002328775357455015,0.0003173317527398467,-0.05069972947239876,-0.0006045445334166288,0.01621391624212265
1685054326129174200,0,54326.12890625,1.0,0.0,0.0,0.0,0.0,0.0,0.0,16.0,-0.0016265674494206905,-0.0007913410081528127,0.0008582206792198122,0.17877192795276642,0.06084698066115379,0.022984489798545837,17.0,0.0015610384289175272,-0.0036748459096997976,0.0006964394706301391,0.1277034878730774,0.07764773815870285,0.03166280314326286,18.0,-0.005623644217848778,-0.002199150389060378,0.0014396747574210167,0.059505023062229156,0.0908755213022232,0.03833204507827759,20.0,0.0020232277456671,0.0005828426219522953,0.0007589913439005613,0.12113671004772186,0.2109791785478592,0.049918267875909805,21.0,-0.0021738079376518726,-0.0009821560233831406,0.0010208060266450047,0.08377518504858017,0.041102129966020584,0.019584380090236664,22.0,-0.0016923971707001328,-0.0028815988916903734,0.0005049737519584596,0.07124345004558563,0.07517149299383163,0.01972060836851597
1685054326149217200,0,54326.1484375,1.0,0.0,0.0,0.0,0.0,0.0,0.0,16.0,0.0002747319813352078,-0.0006764783174730837,0.0010992350289598107,0.12908576428890228,0.17917366325855255,0.034230705350637436,17.0,0.002655956195667386,-0.004447751212865114,0.0010531877633184195,-0.17808373272418976,0.24381005764007568,-0.004213642328977585,18.0,-0.005874402821063995,-0.0026990161277353764,0.0015124293277040124,-0.09810449182987213,0.10810375213623047,0.0170388575643301,20.0,0.001734446152113378,-0.0019160143565386534,0.0007198290550149977,-0.15408280491828918,-0.111936554312706,0.021952468901872635,21.0,-0.001964258262887597,-0.0009491353412158787,0.0009504711488261819,-0.03647204861044884,0.051653146743774414,0.03298740088939667,22.0,-0.0021547151263803244,-0.002584311878308654,-3.906474739778787e-05,-0.13145293295383453,0.19183014333248138,-0.048722829669713974
1685054326162471000,0,54326.16015625,1.0,0.0,0.0,0.0,0.0,0.0,0.0,16.0,0.0026771642733365297,0.0005770137067884207,1.771620986801281e-06,0.21698269248008728,0.12678936123847961,-0.10524627566337585,17.0,0.003016740083694458,-0.007228190544992685,0.00033230625558644533,0.028126303106546402,-0.03931935504078865,-0.02882501482963562,18.0,-0.005873010028153658,-0.003875517752021551,0.0010521988151594996,-0.0669977143406868,-0.03619612380862236,-0.042951758950948715,20.0,0.0016188259469345212,-0.0029314705170691013,8.871289173839614e-05,-0.12839093804359436,-0.14749456942081451,-0.040242262184619904,21.0,-0.0012815650552511215,-0.002203528303653002,0.0002696937881410122,-0.08297130465507507,-0.020013485103845596,-0.013747951947152615,22.0,-0.002123951679095626,-0.003044293960556388,-0.00015261721273418516,-0.08405055105686188,-0.02912685088813305,-0.010156406089663506
1685054326162914500,0,54326.16015625,1.0,0.0,0.0,0.0,0.0,0.0,0.0,16.0,0.0016795730916783214,-0.0030005464795976877,-8.438830991508439e-05,-0.0487731471657753,-0.2769087851047516,-0.010594303719699383,17.0,0.0002942663268186152,-0.006121313665062189,0.00018908610218204558,-0.0033774045296013355,0.05577769875526428,0.021484484896063805,18.0,-0.006354036275297403,-0.004395166877657175,0.0011677033035084605,-0.02766113169491291,0.06386391818523407,0.01827048882842064,20.0,0.0031456139404326677,-0.0007600876851938665,-0.0003308060113340616,0.11256133019924164,0.24154356122016907,-0.021218840032815933,21.0,-0.0009181284694932401,-0.003203983884304762,-7.642071432201192e-05,-0.11746129393577576,-0.0435037836432457,-0.011037137359380722,22.0,-0.0015020710416138172,-0.004326090216636658,-0.00041095595224760473,-0.010725770145654678,0.042889196425676346,-0.022180678322911263
1685054326172809100,0,54326.171875,1.0,0.0,0.0,0.0,0.0,0.0,0.0,16.0,0.001728732488118112,-0.0024017656687647104,-0.00046425851178355515,-0.015315152704715729,0.061809051781892776,-0.04855808615684509,17.0,-0.0034943583887070417,-0.005990901030600071,0.00018839564290829003,-0.15834523737430573,-0.01657404936850071,-0.04734271392226219,18.0,-0.008014567196369171,-0.004918033257126808,0.00064102653414011,-0.11614667624235153,-0.01068094838410616,-0.05678641423583031,20.0,0.00237042224034667,0.001315745641477406,-0.0009312777547165751,-0.16865548491477966,0.20241759717464447,-0.0499335415661335,21.0,-0.00255499011836946,-0.005369361024349928,-0.0006209994317032397,-0.1538258194923401,-0.14779525995254517,-0.011123070493340492,22.0,-0.0009810259798541665,-0.0056845457293093204,-0.0004020192427560687,-0.10437651723623276,0.005299918353557587,0.00210693315602839
1685054326192260500,0,54326.19140625,1.0,0.0,0.0,0.0,0.0,0.0,0.0,16.0,-0.0015953194815665483,-0.0027014806400984526,0.00015822771820239723,-0.3055275082588196,0.0748528316617012,0.06455074995756149,17.0,-0.0035675829276442528,-0.006247859448194504,0.0005070547922514379,-0.12501126527786255,0.029304668307304382,0.030290089547634125,18.0,-0.009364748373627663,-0.005912649445235729,0.0012184433871880174,-0.08003222942352295,0.06902344524860382,0.0679345577955246,20.0,0.0012744228588417172,0.0016910044942051172,-0.0005212065880186856,-0.1774093061685562,0.17298559844493866,0.07461143285036087,21.0,-0.0030791955068707466,-0.007832590490579605,-0.00024357196525670588,-0.23315827548503876,-0.14301416277885437,0.061141565442085266,22.0,0.0007689656340517104,-0.008226143196225166,-0.00023743980273138732,-0.08069170266389847,0.04556746780872345,0.05044058710336685
1685054326192859400,0,54326.19140625,1.0,0.0,0.0,0.0,0.0,0.0,0.0,16.0,-0.0052191587164998055,-0.0009599420591257513,0.000573578174225986,-0.4230733811855316,0.18285192549228668,0.0419502928853035,17.0,-0.00098918576259166,-0.005935906432569027,0.0004113484756089747,-0.21293967962265015,0.003716676030308008,0.018393192440271378,18.0,-0.008800510317087173,-0.005821006838232279,0.0016017408343032002,-0.11185654252767563,0.03949996829032898,0.055984627455472946,20.0,0.0026240230072289705,0.002245177747681737,-0.0008948679897002876,0.026097845286130905,0.1326788067817688,-0.008545140735805035,21.0,-0.0044596754014492035,-0.00823905412107706,-0.00044286390766501427,-0.21734531223773956,-0.025953568518161774,-0.018063686788082123,22.0,0.0014154171803966165,-0.009084174409508705,-0.00042909878538921475,-0.10668066889047623,0.028349777683615685,0.0109575055539608
1685054326203695700,0,54326.203125,1.0,0.0,0.0,0.0,0.0,0.0,0.0,16.0,-0.005852747242897749,0.0018791435286402702,0.0009503169567324221,-0.05995727702975273,0.2852558493614197,0.025927435606718063,17.0,0.0012743454426527023,-0.009070932865142822,0.0007984496769495308,-0.08034873008728027,-0.12265366315841675,0.02845139615237713,18.0,-0.007275240961462259,-0.006561102345585823,0.001564821694046259,-0.01653924211859703,-0.02795862779021263,0.0029828676488250494,20.0,0.001126849907450378,0.0016481957864016294,-0.0008520004339516163,-0.10560879856348038,0.010783110745251179,0.0132837425917387,21.0,-0.006126648746430874,-0.009675625711679459,-0.00038525921991094947,-0.179483562707901,-0.08849653601646423,0.03849555179476738,22.0,0.0016537766205146909,-0.00988478772342205,-0.0008598847780376673,0.0003491605748422444,-0.04187018796801567,-0.03296005725860596
1685054326212322500,0,54326.2109375,1.0,0.0,0.0,0.0,0.0,0.0,0.0,16.0,-0.004009057767689228,0.0032921070232987404,0.0017314041033387184,0.16076503694057465,0.15125367045402527,0.07719332724809647,17.0,0.0017147352918982506,-0.011467313393950462,0.0018917395500466228,0.01111915335059166,-0.06064830347895622,0.09106718748807907,18.0,-0.0057254694402217865,-0.007929346524178982,0.0022831792011857033,-0.007272289600223303,-0.05583476647734642,0.0805269330739975,20.0,0.0005731286946684122,-0.0017879840452224016,-0.0006967888330109417,0.008714220486581326,-0.310404509305954,0.023542122915387154,21.0,-0.0076087890192866325,-0.009257637895643711,-0.00017313705757260323,-0.04315471276640892,-0.01601935178041458,0.10614015907049179,22.0,0.0014273569686338305,-0.009673131629824638,1.715550388325937e-05,0.02707725577056408,-0.02462277188897133,0.09789584577083588
1685054326222303100,0,54326.22265625,1.0,0.0,0.0,0.0,0.0,0.0,0.0,16.0,-0.0021661827340722084,0.0002904624561779201,0.0019218862289562821,0.0005733502330258489,-0.2619992196559906,0.028009802103042603,17.0,0.0006223247037269175,-0.012306658551096916,0.0022563752718269825,-0.00657435180619359,-0.072132408618927,-0.05200676992535591,18.0,-0.004176493268460035,-0.008512888103723526,0.0021588951349258423,-0.06004677712917328,-0.004989247303456068,-0.0042994157411158085,20.0,-0.0006090155802667141,-0.0016239905962720513,-0.0006487531936727464,-0.18865081667900085,0.021546144038438797,0.01073890458792448,21.0,-0.0089594516903162,-0.009934128262102604,-0.00011088066821685061,-0.153838112950325,0.021431107074022293,-0.034318484365940094,22.0,0.0013034603325650096,-0.009319483302533627,-0.00018185102089773864,-0.09528490155935287,0.001859717071056366,-0.007746112998574972
1685054326232260400,0,54326.23046875,1.0,0.0,0.0,0.0,0.0,0.0,0.0,16.0,0.00025169854052364826,0.002277910942211747,0.0014536434318870306,0.20414772629737854,0.22723186016082764,-0.04455816373229027,17.0,0.0005089027108624578,-0.013033486902713776,0.0021557407453656197,0.04358819127082825,0.02095811627805233,-0.032347362488508224,18.0,-0.0036451034247875214,-0.009643882513046265,0.0015054630348458886,0.0475284643471241,-0.014883431605994701,-0.07875823974609375,20.0,-0.0003053693217225373,-0.001400272361934185,-0.0007588715525344014,0.0767725333571434,0.005338088609278202,-0.021982934325933456,21.0,-0.010141950100660324,-0.01014311145991087,-0.00012339356180746108,0.033602017909288406,0.050841860473155975,-0.049887001514434814,22.0,8.688418165547773e-05,-0.008784825913608074,-0.00038803028292022645,0.006024189293384552,0.02009611390531063,-0.028024539351463318
1685054326242234200,0,54326.2421875,1.0,0.0,0.0,0.0,0.0,0.0,0.0,16.0,0.0011011108290404081,0.0021088896319270134,0.0007588845328427851,0.034821927547454834,0.0264581348747015,-0.07513242959976196,17.0,0.0019226799486204982,-0.013405837118625641,0.0014216759009286761,0.07090799510478973,-0.13598895072937012,-0.09792160987854004,18.0,-0.00310496031306684,-0.010995508171617985,0.0017618604470044374,0.03524938225746155,-0.08033471554517746,0.0031748763285577297,20.0,0.00022134905157145113,-0.0044660381972789764,-0.0013829936506226659,0.07679092884063721,-0.34798043966293335,-0.0877906009554863,21.0,-0.011888743378221989,-0.0089736832305789,-0.0006069937371648848,-0.016792958602309227,0.005696435924619436,-0.0935303196310997,22.0,-0.0011392319574952126,-0.008283655159175396,-0.0005609403597190976,-0.00243083736859262,-0.041800741106271744,-0.03875510022044182
1685054326252323300,0,54326.25390625,1.0,0.0,0.0,0.0,0.0,0.0,0.0,16.0,0.001928008277900517,0.0012893716339021921,-7.203503628261387e-05,-0.0627332553267479,-0.0121525339782238,-0.09463151544332504,17.0,0.002735556336119771,-0.012533040717244148,0.0005143246962688863,-0.04966965317726135,-0.023903802037239075,-0.10351743549108505,18.0,-0.0026351374108344316,-0.01097062136977911,0.0007926169200800359,-0.0784342885017395,0.007668412756174803,-0.11768753826618195,20.0,0.0002392707101535052,-0.00399249279871583,-0.0018446552567183971,-0.08135581761598587,-0.010437640361487865,-0.0798235833644867,21.0,-0.012391284108161926,-0.008332659490406513,-0.001032628701068461,0.07217469066381454,0.012509980238974094,-0.1060965433716774,22.0,-0.0019725081510841846,-0.007468010298907757,-0.0019484087824821472,-0.04222830757498741,-0.01048375852406025,-0.17176872491836548
1685054326262304400,0,54326.26171875,1.0,0.0,0.0,0.0,0.0,0.0,0.0,16.0,-0.001089968835003674,0.00023747823433950543,-4.34240519098239e-06,-0.39613065123558044,0.042798690497875214,-0.01238385308533907,17.0,0.005288439337164164,-0.015239279717206955,0.00014422214007936418,-0.006944259162992239,0.0760253518819809,-0.08350340276956558,18.0,-0.0010962580563500524,-0.011646396480500698,3.9216734876390547e-05,-0.007417640648782253,0.03152725100517273,-0.09910394996404648,20.0,0.0006668855203315616,-0.003712558187544346,-0.0020440309308469296,0.019978096708655357,0.045545827597379684,-0.06045633181929588,21.0,-0.012316598556935787,-0.007043860387057066,-0.0012080054730176926,0.09378623217344284,0.15981177985668182,-0.09822028875350952,22.0,-0.0033549864310771227,-0.006774609908461571,-0.0017286238726228476,-0.02495809830725193,0.08111488819122314,-0.0238491203635931
1685054326272200500,0,54326.26953125,1.0,0.0,0.0,0.0,0.0,0.0,0.0,16.0,-0.003739043837413192,0.0013210197212174535,0.0006161456112749875,-0.3547869920730591,0.1672876924276352,0.04505062848329544,17.0,0.006888993084430695,-0.018441390246152878,0.0005806288681924343,0.024115750566124916,0.013975494541227818,-0.03409627079963684,18.0,0.0005952332867309451,-0.012283146381378174,-0.00028295291122049093,-0.0036001387052237988,0.01803351379930973,-0.06116458773612976,20.0,-0.0013873095158487558,-0.0017549778567627072,-0.0012802103301510215,-0.17410457134246826,0.14835096895694733,0.035235922783613205,21.0,-0.01099807396531105,-0.006048851180821657,-0.0006559547618962824,0.05678087845444679,0.03502599895000458,-0.009170407429337502,22.0,-0.004503403324633837,-0.006127395201474428,-0.0016707959584891796,-0.013011614792048931,-0.001877262839116156,-0.044089268893003464
1685054326282762800,0,54326.28125,1.0,0.0,0.0,0.0,0.0,0.0,0.0,16.0,-0.007948766462504864,-0.0017069911118596792,0.0022721432615071535,-0.552452027797699,-0.21907387673854828,0.16318073868751526,17.0,0.00902843102812767,-0.017216436564922333,0.0014450096059590578,0.013093486428260803,0.06944621354341507,0.029065625742077827,18.0,0.003312553046271205,-0.011973115615546703,9.134483116213232e-05,0.02417157217860222,0.0849146619439125,0.013444588519632816,20.0,-0.0022469901014119387,-0.0014970116317272186,-0.0007303736638277769,-0.047588832676410675,0.02744944579899311,0.02484215795993805,21.0,-0.00921058002859354,-0.0038884084206074476,-0.00027842767303809524,0.17100119590759277,0.196890190243721,-0.010046768002212048,22.0,-0.004975206684321165,-0.004832468926906586,-0.001818054704926908,0.016111021861433983,0.1049458310008049,-0.06408815830945969
1685054326292278500,0,54326.29296875,1.0,0.0,0.0,0.0,0.0,0.0,0.0,16.0,-0.0075277104042470455,-0.001804667292162776,0.0027411533519625664,-0.11668124794960022,-0.04809262230992317,0.06954025477170944,17.0,0.011900237761437893,-0.017466722056269646,0.0017017627833411098,0.15781421959400177,-0.0047759716399014,0.07088015973567963,18.0,0.005492021795362234,-0.012252014130353928,0.0005929868784733117,0.04997073858976364,-0.06828589737415314,0.03631678968667984,20.0,-0.0039762211963534355,0.0001053091837093234,0.0005208803340792656,-0.09522251784801483,0.09126100689172745,0.11150582879781723,21.0,-0.00903837289661169,-0.0046625928953289986,0.0008563219453208148,0.05827561020851135,-0.11381431668996811,0.01751895621418953,22.0,-0.004648938309401274,-0.004603921435773373,-0.0010511630680412054,0.08637755364179611,-0.06001190468668938,0.03074435330927372
1685054326302197200,0,54326.30078125,1.0,0.0,0.0,0.0,0.0,0.0,0.0,16.0,-0.003933481406420469,-0.0023511729668825865,0.002323160646483302,0.1411963403224945,-0.055016111582517624,-0.0035015838220715523,17.0,0.015267728827893734,-0.01598280295729637,0.0012134178541600704,-0.13423313200473785,0.14507800340652466,0.03545655682682991,18.0,0.008081227540969849,-0.012145142070949078,0.0013722885632887483,0.01585463434457779,0.024919042363762856,0.08209273219108582,20.0,-0.004796183668076992,-0.0023129612673074007,0.0005512966308742762,-0.07627205550670624,-0.2364097684621811,0.005690024234354496,21.0,-0.007982664741575718,-0.0032017689663916826,0.0007582533289678395,0.07058188319206238,0.05146798491477966,0.06444016098976135,22.0,-0.004064046777784824,-0.0037433512043207884,-0.0004563566471915692,0.02730468288064003,0.03735511749982834,0.02372213453054428
1685054326312771700,0,54326.3125,1.0,0.0,0.0,0.0,0.0,0.0,0.0,16.0,-0.004184147343039513,-0.004540592432022095,0.002567210467532277,-0.16858050227165222,-0.3188418745994568,0.06681486964225769,17.0,0.019630055874586105,-0.013434084132313728,0.0008067661547102034,0.10115069150924683,-0.04827733337879181,0.03500686585903168,18.0,0.010997377336025238,-0.010608186013996601,0.000830621924251318,0.07160878926515579,-0.024818047881126404,-0.032775525003671646,20.0,-0.003960784990340471,0.0006237180205062032,0.0006854855455458164,0.11912935972213745,0.20623931288719177,0.019766705110669136,21.0,-0.007154473103582859,-0.0046945614740252495,0.0009029920329339802,0.032395582646131516,-0.09518495947122574,-0.0532701201736927,22.0,-0.003937693778425455,-0.003549265442416072,0.0003222856321372092,0.025401631370186806,-0.004026445094496012,0.050745487213134766
1685054326322345300,0,54326.3203125,1.0,0.0,0.0,0.0,0.0,0.0,0.0,16.0,0.0017125774174928665,-0.0023264079354703426,0.0018279037903994322,0.58534836769104,0.22896945476531982,-0.03247831389307976,17.0,0.019769633188843727,-0.012557350099086761,0.0006706579006277025,0.09802335500717163,0.15149515867233276,0.0854085385799408,18.0,0.012534385547041893,-0.009557007811963558,0.0017173179658129811,0.13451960682868958,0.09003075212240219,0.11580526828765869,20.0,-0.002943323692306876,0.0012078293366357684,0.0012231660075485706,0.2258402705192566,0.13399049639701843,0.06960158795118332,21.0,-0.007896844297647476,-0.0044741518795490265,0.0015558811137452722,0.15517036616802216,0.03859980031847954,0.06751559674739838,22.0,-0.004108253866434097,-0.0039983573369681835,0.0011376860784366727,0.13969211280345917,0.06286302953958511,0.06952321529388428
1685054326332252500,0,54326.33203125,1.0,0.0,0.0,0.0,0.0,0.0,0.0,16.0,0.0037422599270939827,-0.006549347657710314,0.0009202149230986834,0.09167516976594925,-0.514273464679718,-0.06034909188747406,17.0,0.018230503425002098,-0.009074455127120018,-0.0002859917585738003,0.04574644938111305,-0.003462624503299594,-0.03336556628346443,18.0,0.013152566738426685,-0.0074855671264231205,0.0009809163166210055,-0.009891720488667488,0.008614934980869293,-0.039988964796066284,20.0,-0.0023403652012348175,-0.0005283147911541164,0.0004660570411942899,0.010492872446775436,-0.1681089699268341,-0.05632264167070389,21.0,-0.006482517812401056,-0.003736840095371008,0.0007411945261992514,0.00023837704793550074,0.027278229594230652,-0.0024971559178084135,22.0,-0.004238591529428959,-0.0034114005975425243,0.0007151116151362658,-0.05848655477166176,0.011589880101382732,-0.042204394936561584
1685054326342691900,0,54326.34375,1.0,0.0,0.0,0.0,0.0,0.0,0.0,16.0,0.005688527133315802,-0.005891915876418352,0.00031236224458552897,0.19047608971595764,-0.0472983755171299,-0.04453800246119499,17.0,0.016580717638134956,-0.00791208352893591,-0.0005871460307389498,-0.0009090178646147251,-0.0366753414273262,-0.01785261742770672,18.0,0.012683150358498096,-0.0056509640999138355,0.0007163041154854,0.02962249517440796,-0.005609051324427128,0.004974036943167448,20.0,-0.0009220409556291997,-0.0003829618508461863,0.00016527182015124708,0.13358205556869507,0.02723190188407898,-0.008941525593400002,21.0,-0.005859936587512493,-0.0033528616186231375,0.000491802638862282,0.10096214711666107,0.09639660269021988,-0.04956063628196716,22.0,-0.003917678724974394,-0.0032266818452626467,0.00042662755004130304,0.028409859165549278,0.008232013322412968,-0.020105205476284027
1685054326352249200,0,54326.3515625,1.0,0.0,0.0,0.0,0.0,0.0,0.0,16.0,0.0026676601264625788,-0.004545453004539013,0.00029169514891691506,-0.26156482100486755,-0.013564709573984146,0.001624198048375547,17.0,0.016962500289082527,-0.006662111263722181,-0.0009127447265200317,0.04855036735534668,0.03338710218667984,-0.03429718315601349,18.0,0.012519193813204765,-0.003825780237093568,0.00011720669135684147,0.028069324791431427,0.010521665215492249,-0.03138174116611481,20.0,-0.0005048828897997737,0.0006168675608932972,-0.00028434908017516136,0.02081163227558136,0.09309025853872299,-0.022161373868584633,21.0,-0.005320803262293339,-0.0023997637908905745,3.5003551602130756e-05,0.1322871744632721,0.06109417602419853,0.010195262730121613,22.0,-0.0033992158714681864,-0.002840160857886076,-4.333061588113196e-05,0.05259774625301361,0.023067479953169823,-0.032684896141290665
1685054326372275000,0,54326.37109375,1.0,0.0,0.0,0.0,0.0,0.0,0.0,16.0,0.000774494546931237,-0.0007275703246705234,-0.0003446688351687044,-0.18421101570129395,0.2492038905620575,-0.03104594722390175,17.0,0.01665588468313217,-0.0066307224333286285,-0.0015039491700008512,0.04202061519026756,0.006327239330857992,0.03952276334166527,18.0,0.012390423566102982,-0.0023380666971206665,-0.00021891547658015043,0.01104017999023199,0.05926518514752388,0.028180059045553207,20.0,-0.000491294835228473,-9.271236922359094e-05,-0.0006871738005429506,-0.06438879668712616,-0.07818154245615005,0.022430071607232094,21.0,-0.00417688861489296,-0.0016639865934848785,-0.000444367848103866,0.010463301092386246,0.05556512996554375,0.021906191483139992,22.0,-0.003027938073500991,-0.0027615497820079327,-0.0004947984125465155,-0.017724288627505302,-0.0023063006810843945,0.012326470576226711
1685054326372813000,0,54326.37109375,1.0,0.0,0.0,0.0,0.0,0.0,0.0,16.0,0.00041983401752077043,0.0022497184108942747,-0.0010609783930703998,0.03920074179768562,0.21392996609210968,-0.07566610723733902,17.0,0.01741291955113411,-0.007133126724511385,-0.002145029604434967,0.10066103935241699,-0.03838614001870155,0.04376990720629692,18.0,0.011705216020345688,-0.0031059845350682735,1.3676329217560124e-05,0.05314486101269722,-0.0965658500790596,0.056858304888010025,20.0,-0.0015557992737740278,-0.0008182238670997322,-0.0003232345334254205,-0.09937750548124313,-0.08704377710819244,0.07569672912359238,21.0,-0.0023639972787350416,-0.001448070048354566,-0.0002692284469958395,0.11977741867303848,0.008279991336166859,0.013869410380721092,22.0,-0.0025517891626805067,-0.002583058550953865,-0.0003408292250242084,0.03993949666619301,-0.046393830329179764,0.04747404903173447
1685054326382380100,0,54326.3828125,1.0,0.0,0.0,0.0,0.0,0.0,0.0,16.0,0.002705908613279462,0.0021671168506145477,-0.0007718054112046957,0.27888259291648865,-0.024367166683077812,0.011492283083498478,17.0,0.015934612601995468,-0.006636443082243204,-0.0015383197460323572,-0.03251292183995247,-0.005642981268465519,0.03854530304670334,18.0,0.010348346084356308,-0.0028255032375454903,-0.00036349461879581213,-0.02004624716937542,0.039591047912836075,-0.014086274430155754,20.0,-0.002353110583499074,0.00025031977565959096,-0.0001454183948226273,-0.12628604471683502,0.10012583434581757,0.0557045079767704,21.0,-0.0007393406704068184,-0.0010757391573861241,-0.00024639462935738266,0.0494636707007885,0.04432860016822815,0.02333548292517662,22.0,-0.0013080002972856164,-0.001154378172941506,-0.0001293691893806681,0.022011931985616684,0.0776483565568924,0.05472644045948982
1685054326393264800,0,54326.390625,1.0,0.0,0.0,0.0,0.0,0.0,0.0,16.0,0.0040679932571947575,0.00208554626442492,0.00030218646861612797,0.42189598083496094,-0.03985675051808357,0.08288592100143433,17.0,0.015245683491230011,-0.006019004620611668,-0.00031002689502201974,0.2180476039648056,-0.09512639045715332,0.09245777130126953,18.0,0.008029692806303501,-0.00343114510178566,0.0007246547029353678,0.16707146167755127,-0.1127338707447052,0.11810784786939621,20.0,-0.0021671594586223364,0.0004946190747432411,0.0005197487771511078,0.10280171036720276,-0.047878917306661606,0.10831820964813232,21.0,-0.0008629680378362536,-0.0007784788613207638,0.00043891335371881723,0.2747577130794525,-0.019597897306084633,0.08384405076503754,22.0,0.00024463346926495433,-0.001984173199161887,0.0003570076369214803,0.13165847957134247,-0.0786631777882576,0.09231273084878922
1685054326412437900,0,54326.41015625,1.0,0.0,0.0,0.0,0.0,0.0,0.0,16.0,0.0011668920051306486,-0.003957957029342651,0.0011494449572637677,-0.24782715737819672,-0.5907232165336609,0.0937470942735672,17.0,0.015785910189151764,-0.0019015730358660221,-0.00027858364046551287,-0.09150601923465729,0.054516781121492386,-0.028182461857795715,18.0,0.00724160997197032,-0.002091765869408846,-2.5473360437899828e-05,-0.06442709267139435,-0.00766809331253171,-0.03967404365539551,20.0,-0.00242765829898417,-0.0009201103239320219,-7.42533229640685e-05,-0.19443872570991516,-0.15760786831378937,0.0031407352071255445,21.0,0.0006163004436530173,0.0008641325403004885,-0.0002756287285592407,-0.02280026115477085,0.030284054577350616,0.021884309127926826,22.0,0.0011819264618679881,-0.0017433882458135486,-0.0005884883576072752,-0.07166711241006851,-0.004485804121941328,-0.03375319018959999
1685054326413002800,0,54326.41015625,1.0,0.0,0.0,0.0,0.0,0.0,0.0,16.0,0.002514536725357175,-0.002550712553784251,0.0009629088453948498,0.19454409182071686,0.16662469506263733,-0.03598477318882942,17.0,0.013988281600177288,-0.0020779487676918507,-9.960707393474877e-05,-0.013321985490620136,0.06493018567562103,-0.0064712874591350555,18.0,0.006494069471955299,-0.0010412900010123849,-0.00010694738739402965,-0.028814025223255157,0.05251114070415497,-0.018881725147366524,20.0,0.0005818057106807828,-0.0016389734810218215,-0.0006412871880456805,0.18986888229846954,-0.03502389043569565,-0.03845538944005966,21.0,-0.0002672102127689868,0.0012721189996227622,-0.0005942584248259664,-0.03343729302287102,0.07982974499464035,-0.008012836799025536,22.0,0.0007505269022658467,-0.001428839284926653,-0.0006041790475137532,-0.045469947159290314,0.04113474115729332,0.01166438963264227
1685054326422729300,0,54326.421875,1.0,0.0,0.0,0.0,0.0,0.0,0.0,16.0,0.001662710914388299,-0.003596477210521698,0.0015641634818166494,-0.0025918700266629457,-0.1774059236049652,0.050275806337594986,17.0,0.01159813441336155,-0.00026710654492489994,0.0005003297701478004,0.03516180068254471,-0.033682968467473984,0.018370678648352623,18.0,0.005550128873437643,0.0002614879922475666,0.0005134635721333325,0.010258462280035019,-0.023434394970536232,0.04662643373012543,20.0,0.0008721046033315361,-0.0016026319935917854,-0.0006829340709373355,0.0032819348853081465,-0.04846423119306564,-0.0013838405720889568,21.0,-0.0003750943287741393,0.0014278781600296497,-0.0006103821215219796,0.003331527579575777,-0.07520125806331635,0.0061585139483213425,22.0,-0.00012111369869671762,-0.0011531735071912408,-0.0002620716404635459,-0.005113164894282818,-0.04035777226090431,0.03808091953396797
1685054326432344500,0,54326.43359375,1.0,0.0,0.0,0.0,0.0,0.0,0.0,16.0,0.0003579762706067413,0.0005531986244022846,0.0008172120433300734,-0.17889411747455597,0.33996379375457764,-0.07471650838851929,17.0,0.011882170103490353,-0.0016033068532124162,-0.00011687581718433648,-0.20136134326457977,0.016921259462833405,-0.037981536239385605,18.0,0.0050113992765545845,0.0007715607644058764,0.000336151453666389,-0.12218353897333145,0.009162931703031063,-0.027072664350271225,20.0,-0.0004336911952123046,0.0017395507311448455,-0.0007652153726667166,-0.2462184578180313,0.29991933703422546,-0.014422169886529446,21.0,-0.0007221730193123221,0.0009438571287319064,-0.0007444838993251324,-0.21957911550998688,-0.09783650189638138,-0.03730570152401924,22.0,-0.0009013398084789515,-0.0009232803131453693,-0.0004956719349138439,-0.12832674384117126,0.008102856576442719,-0.02290361374616623
1685054326442485500,0,54326.44140625,1.0,0.0,0.0,0.0,0.0,0.0,0.0,16.0,0.0009238566854037344,0.006671824958175421,-0.0006130572292022407,-0.055944424122571945,0.621885359287262,-0.13799118995666504,17.0,0.01222003623843193,-0.00635598273947835,-0.000983945094048977,-0.1805085688829422,0.019136473536491394,0.02348148077726364,18.0,0.0048284525983035564,-0.0006959321908652782,0.0005650680977851152,-0.1503642499446869,0.029549364000558853,0.027007242664694786,20.0,-0.0005202480242587626,0.0019655379001051188,-0.0006915117846801877,-0.15318593382835388,0.061305101960897446,0.00013691680214833468,21.0,-0.0001010906053124927,0.0009982144692912698,-0.0007159762899391353,-0.2628507912158966,0.023389555513858795,0.011072472669184208,22.0,-0.0010658962419256568,-0.0004411335685290396,0.00034921630867756903,-0.16551755368709564,0.07301244139671326,0.09246179461479187
1685054326452188500,0,54326.453125,1.0,0.0,0.0,0.0,0.0,0.0,0.0,16.0,0.003554999129846692,0.007891422137618065,-0.0018723760731518269,0.19783207774162292,0.2662067115306854,-0.13310359418392181,17.0,0.009369296953082085,-0.009420826099812984,-0.001530814217403531,-0.12234674394130707,0.12774087488651276,0.00864486489444971,18.0,0.004100366495549679,-0.003996080718934536,0.00029857130721211433,-0.08387120068073273,0.02006170153617859,-0.01976194977760315,20.0,0.0003429958305787295,0.0028552028816193342,-0.00015369293396361172,-0.00019285219605080783,0.2000105381011963,0.04431159794330597,21.0,-0.0008220954332500696,-0.0011955781374126673,-6.73344184178859e-05,-0.024849945679306984,0.1101410835981369,0.05649619922041893,22.0,-0.0012814289657399058,-0.001577706658281386,0.0006576786981895566,-0.07799355685710907,0.04027185216546059,0.041836634278297424
1685054326462151600,0,54326.4609375,1.0,0.0,0.0,0.0,0.0,0.0,0.0,16.0,0.007847058586776257,0.0026608386542648077,-0.002035547746345401,0.41266605257987976,-0.43826746940612793,-0.032960738986730576,17.0,0.006714314222335815,-0.006153236608952284,-0.0014910501195117831,-0.09882818907499313,-0.022558633238077164,0.01452075969427824,18.0,0.0023418550845235586,-0.005401898641139269,0.0002583980676718056,-0.07053951174020767,-0.005202307365834713,0.006636444013565779,20.0,0.0017131101340055466,0.00014811367145739496,-0.00017696089344099164,0.08949829638004303,-0.25310438871383667,-0.010416301898658276,21.0,-0.0018943239701911807,-0.0005143198650330305,5.792346564703621e-05,-0.018970709294080734,-0.09463305026292801,-0.03730687126517296,22.0,-0.00223180977627635,-0.0019991842564195395,0.0010839479509741068,-0.08242878317832947,-0.05077426880598068,0.05738305673003197
1685054326472173900,0,54326.47265625,1.0,0.0,0.0,0.0,0.0,0.0,0.0,16.0,0.011949076317250729,0.003972705919295549,-0.002764421282336116,0.5371893644332886,0.3726126253604889,-0.1016247496008873,17.0,0.004739989526569843,-0.0073038674890995026,-0.0015440136194229126,-0.023261988535523415,0.07624635100364685,0.052982017397880554,18.0,-0.0005558868288062513,-0.007352061104029417,0.0011907968437299132,-0.013042556121945381,0.08292071521282196,0.10356661677360535,20.0,0.000928880472201854,0.0002741074131336063,0.0008351214928552508,-0.019328445196151733,0.18119405210018158,0.10196276009082794,21.0,-0.002568440744653344,-0.0013031394919380546,0.0010656887898221612,-0.021082930266857147,0.0777144581079483,0.03171943128108978,22.0,-0.002534233033657074,-0.002688131993636489,0.0011641273740679026,0.030278945341706276,0.06856989115476608,0.028521230444312096
1685054326482244100,0,54326.48046875,1.0,0.0,0.0,0.0,0.0,0.0,0.0,16.0,0.013264859095215797,0.003089911537244916,-0.004020232707262039,0.1263321191072464,0.031035149469971657,-0.17130878567695618,17.0,0.0027033458463847637,-0.007321018259972334,-0.002535012550652027,-0.24947339296340942,-0.03727882355451584,-0.042862702161073685,18.0,-0.0033813759218901396,-0.008328232914209366,0.00029793300200253725,-0.21100105345249176,-0.006334989797323942,-0.07758163660764694,20.0,-9.625305392546579e-05,0.0005321414791978896,0.0008016530191525817,-0.2594304084777832,0.06356552243232727,0.0056120832450687885,21.0,-0.002365793101489544,-0.001381405396386981,0.0009539488237351179,0.010928401723504066,0.03646935150027275,0.01288294792175293,22.0,-0.003554452210664749,-0.0023586200550198555,0.0002863721747417003,-0.2098975032567978,0.023334220051765442,-0.07380642741918564
1685054326492324700,0,54326.4921875,1.0,0.0,0.0,0.0,0.0,0.0,0.0,16.0,0.015975389629602432,-0.0011230105301365256,-0.0030475447420030832,0.5404618382453918,-0.28590816259384155,0.04349195212125778,17.0,-0.0028743729926645756,-0.006023936904966831,-0.0010790320811793208,0.007278019096702337,0.056167054921388626,0.06496349722146988,18.0,-0.006877588108181953,-0.008510632440447807,0.0007106560515239835,0.018299724906682968,0.026683984324336052,0.04610283300280571,20.0,0.00040572418947704136,-0.0022525154054164886,0.001437107683159411,0.12117143720388412,-0.21521419286727905,0.08245913684368134,21.0,-0.002671506255865097,-0.0003654994652606547,0.0016309383790940046,0.06889504194259644,0.09872407466173172,0.0921420082449913,22.0,-0.004337734077125788,-0.002665131352841854,0.0007028141990303993,0.040466614067554474,-0.030287407338619232,0.04990166798233986
1685054326512191200,0,54326.51171875,1.0,0.0,0.0,0.0,0.0,0.0,0.0,16.0,0.01796887442469597,-0.00036428493331186473,-0.0036182841286063194,0.3295722007751465,0.13949978351593018,-0.06582838296890259,17.0,-0.005146135576069355,-0.005413096863776445,-0.0012402709107846022,0.04782600700855255,0.03803557902574539,-0.009070008993148804,18.0,-0.01248005498200655,-0.008862761780619621,0.0010638439562171698,0.002227391581982374,0.034303393214941025,-0.013067111372947693,20.0,-0.0006038114661350846,-0.0008200379088521004,0.001586091355420649,-0.01007563155144453,0.19555237889289856,0.03805520012974739,21.0,-0.0024984197225421667,-0.00015715233166702092,0.0017068947199732065,0.08523343503475189,0.18534836173057556,0.0018833676585927606,22.0,-0.005190234165638685,-0.0026301571633666754,0.0008847738499753177,-0.02292500250041485,0.05996374785900116,0.033106401562690735
1685054326512800300,0,54326.51171875,1.0,0.0,0.0,0.0,0.0,0.0,0.0,16.0,0.016729991883039474,0.0005925114382989705,-0.003914967179298401,0.1280221939086914,0.11492870002985,-0.08737899363040924,17.0,-0.006379323545843363,-0.004472988657653332,-0.0015237221959978342,0.001417668303474784,-0.023207955062389374,-0.0188903771340847,18.0,-0.016278455033898354,-0.008724145591259003,0.0013243114808574319,-0.024011677131056786,-0.03985035419464111,-0.011239847168326378,20.0,-0.0018182030180469155,0.0010956164915114641,0.0011041824473068118,-0.09150996059179306,0.18683043122291565,-0.02426670491695404,21.0,-0.0021310802549123764,0.000415914342738688,0.0011263901833444834,-0.03172082081437111,-0.05893790349364281,-0.07628054916858673,22.0,-0.005682690069079399,-0.003158830339089036,0.0008844560943543911,-0.05652417987585068,-0.0288242194801569,0.0061042518354952335
1685054326522382400,0,54326.5234375,1.0,0.0,0.0,0.0,0.0,0.0,0.0,16.0,0.01531466469168663,0.0003072451800107956,-0.003534505842253566,0.19860683381557465,-0.01747272163629532,-0.06536809355020523,17.0,-0.01163820456713438,-0.0049765706062316895,-0.0007603745325468481,0.017034020274877548,-0.025945931673049927,-0.023443272337317467,18.0,-0.019038408994674683,-0.008451338857412338,0.001685235183686018,-0.048353083431720734,-0.086074598133564,0.01086073275655508,20.0,-0.0022634395863860846,0.001117213163524866,0.0005878302617929876,-0.08695866912603378,-0.00299068889580667,-0.03421109542250633,21.0,-0.00347358756698668,0.002459030132740736,0.000662372272927314,0.03887030482292175,0.00849980115890503,-0.009707937017083168,22.0,-0.00653539365157485,-0.002803513314574957,0.0007525246473960578,-0.0594271682202816,-0.03184434771537781,-0.011277491226792336
1685054326532203400,0,54326.53125,1.0,0.0,0.0,0.0,0.0,0.0,0.0,16.0,0.011355647817254066,0.0005452668992802501,-0.002050963928923011,0.03509945049881935,0.05004504323005676,0.058136649429798126,17.0,-0.015486029908061028,-0.005952127277851105,0.0007917387993074954,0.07032851129770279,0.06889400631189346,0.06139320880174637,18.0,-0.021480999886989594,-0.008093529380857944,0.0022192925680428743,0.06665559113025665,-0.0011556792305782437,0.03326084092259407,20.0,-0.0044372668489813805,0.0012371158227324486,0.0015637316973879933,-0.13605880737304688,0.0643417090177536,0.11270678043365479,21.0,-0.003256985219195485,0.0018644401570782065,0.0014855421613901854,0.09542606770992279,-0.007150169461965561,0.054532065987586975,22.0,-0.007359211333096027,-0.0024992809630930424,0.0012599517358466983,0.05576397478580475,-0.03652563318610191,0.056293148547410965
1685054326542317700,0,54326.54296875,1.0,0.0,0.0,0.0,0.0,0.0,0.0,16.0,0.008664833381772041,0.0014119214611127973,-0.0008040827233344316,-0.15458479523658752,0.024883924052119255,0.08411634713411331,17.0,-0.01610463485121727,-0.005462644621729851,0.0018790906760841608,-0.047801584005355835,0.028704769909381866,0.03494655713438988,18.0,-0.023158730939030647,-0.007417057175189257,0.002981523983180523,-0.10887188464403152,-0.03117777407169342,0.07273286581039429,20.0,-0.0029044216498732567,0.0007915630703791976,0.0017244392074644566,0.022732608020305634,-0.08096156269311905,0.042093466967344284,21.0,-0.002686982275918126,0.0008159116841852665,0.0017102977726608515,-0.11969741433858871,0.07196909934282303,0.0053784605115652084,22.0,-0.008018900640308857,-0.002064498607069254,0.0005413901526480913,-0.142452672123909,-0.03655440732836723,-0.06573770195245743
1685054326552219700,0,54326.55078125,1.0,0.0,0.0,0.0,0.0,0.0,0.0,16.0,0.005745753180235624,-0.00022884542704559863,0.000913559109903872,-0.13094809651374817,-0.22110816836357117,0.17467796802520752,17.0,-0.016112802550196648,-0.005210049916058779,0.0032378218602389097,0.06672699749469757,-0.0156464334577322,0.0656510591506958,18.0,-0.023913206532597542,-0.007642433978617191,0.0027954636607319117,0.00801680888980627,-0.10399966686964035,-0.01033449824899435,20.0,-0.0028052241541445255,-0.0003317783703096211,0.002016539452597499,0.032916467636823654,-0.14776214957237244,0.058764662593603134,21.0,-0.000908310990780592,0.0009979259921237826,0.0018900908762589097,0.15083058178424835,-0.08209089189767838,0.06411514431238174,22.0,-0.008255131542682648,-0.0029533805791288614,0.0012025043834000826,0.04357811063528061,-0.13389480113983154,0.06905040144920349
1685054326562791000,0,54326.5625,1.0,0.0,0.0,0.0,0.0,0.0,0.0,16.0,0.0028829595539718866,-0.0038785208016633987,0.0022455148864537477,-0.2947033941745758,-0.4488961100578308,0.17226697504520416,17.0,-0.015779901295900345,-0.0024372520856559277,0.003947173710912466,0.04414111748337746,0.014839456416666508,-0.0017446043202653527,18.0,-0.023901259526610374,-0.005860454868525267,0.0025141637306660414,-0.06458587944507599,7.858833123464137e-05,-0.01440492831170559,20.0,-0.003572114510461688,0.0017065497813746333,0.0018006064929068089,-0.1367788165807724,0.156545951962471,0.009732982143759727,21.0,0.000263914349488914,0.0006845372263342142,0.0015557551523670554,-0.17325548827648163,0.013258866965770721,-0.014970513992011547,22.0,-0.007908922620117664,-0.002904794877395034,0.0010926431277766824,-0.09413345903158188,0.028748875483870506,-0.001839491305872798
1685054326572186600,0,54326.5703125,1.0,0.0,0.0,0.0,0.0,0.0,0.0,16.0,-0.001823187107220292,0.00020159232371952385,0.00205910112708807,-0.3932614028453827,0.29931655526161194,0.04094937443733215,17.0,-0.01351307611912489,-0.004447208251804113,0.0034131540451198816,0.10106091946363449,0.0008335576276294887,0.04924184828996658,18.0,-0.022909387946128845,-0.00503738597035408,0.002362628700211644,0.07589737325906754,0.027567962184548378,-0.00031166517874225974,20.0,-0.0033295087050646544,0.0024433585349470377,0.0018814059440046549,0.10017309337854385,0.05694517493247986,0.03915243223309517,21.0,0.0008626977796666324,0.0004122475511394441,0.0016168738948181272,0.11614499241113663,-0.0638531744480133,0.010450528003275394,22.0,-0.007618987467139959,-0.0033482746221125126,0.0012365301372483373,0.05446041002869606,-0.010722397826611996,0.025641318410634995
1685054326582280400,0,54326.58203125,1.0,0.0,0.0,0.0,0.0,0.0,0.0,16.0,-0.0033609194215387106,0.0006316243088804185,0.0013802306493744254,-0.1877470314502716,-0.0049490476958453655,-0.008430028334259987,17.0,-0.013340525329113007,-0.004568939562886953,0.0026025972329080105,0.08224502205848694,0.05762435868382454,-0.009778306819498539,18.0,-0.021756954491138458,-0.005351139698177576,0.0022738962434232235,0.0461183600127697,0.005462305620312691,0.0035396022722125053,20.0,-0.0011625484330579638,-5.8916160924127325e-05,0.0013817701255902648,0.24983914196491241,-0.21371416747570038,-0.021086502820253372,21.0,0.0016642414266243577,0.0018534408882260323,0.0011941267875954509,0.09752033650875092,0.056911904364824295,-0.021298876032233238,22.0,-0.0076745664700865746,-0.003413374535739422,0.0009207641123794019,0.002446621423587203,-0.003776912810280919,-0.021396324038505554
1685054326592753900,0,54326.59375,1.0,0.0,0.0,0.0,0.0,0.0,0.0,16.0,-0.005091803148388863,-0.001292805070988834,0.001180030987598002,-0.17872054874897003,-0.32031407952308655,0.026319868862628937,17.0,-0.013751329854130745,-0.0024865197483450174,0.002072855131700635,0.019520189613103867,-0.026149874553084373,-0.04218049347400665,18.0,-0.021767180413007736,-0.00494168559089303,0.001940258895047009,0.038055989891290665,-0.06006130948662758,-0.02784479781985283,20.0,0.0010983883403241634,-0.00018174292927142233,0.0006649292190559208,0.19181129336357117,-0.10678807646036148,-0.04737015813589096,21.0,0.002863588510081172,0.00290538277477026,0.0005425901035778224,0.16318447887897491,0.04080943390727043,-0.05349783971905708,22.0,-0.005970880389213562,-0.002610832219943404,1.2630216588149779e-05,0.045652877539396286,-0.010004169307649136,-0.0832170769572258
1685054326602253500,0,54326.6015625,1.0,0.0,0.0,0.0,0.0,0.0,0.0,16.0,-0.00898024719208479,-0.0040864343754947186,0.0019991633016616106,-0.4484094977378845,-0.39831623435020447,0.1283571720123291,17.0,-0.012739451602101326,-6.82215832057409e-05,0.002154880901798606,-0.008553367108106613,-0.08832326531410217,-0.03382583335042,18.0,-0.020563209429383278,-0.0038870808202773333,0.0018112718826159835,0.06539548933506012,-0.057119742035865784,-0.0016654188511893153,20.0,0.002964575542137027,0.00041145202703773975,0.0002449284365866333,0.19546641409397125,-0.018491003662347794,-0.02664344571530819,21.0,0.003349228762090206,0.003853623056784272,0.0002105852181557566,0.1228971779346466,-0.0018164197681471705,-0.04526759311556816,22.0,-0.005459219217300415,-0.002160205040127039,-0.00043289491441100836,0.03874874860048294,-0.006893145851790905,-0.048576969653367996
1685054326612420700,0,54326.61328125,1.0,0.0,0.0,0.0,0.0,0.0,0.0,16.0,-0.012123259715735912,-0.005002530757337809,0.0023098306264728308,-0.44909414649009705,-0.21933940052986145,0.08172988146543503,17.0,-0.008831890299916267,0.0026231082156300545,0.0016034108120948076,-0.11748810112476349,-0.11000008881092072,-0.01141421403735876,18.0,-0.01807665452361107,-0.001600023708306253,0.001804095576517284,-0.005232586059719324,0.0038554505445063114,0.02291184291243553,20.0,0.002983636921271682,-0.000557561288587749,0.0001131735771195963,0.03999515250325203,-0.14908261597156525,-0.00370784942060709,21.0,0.005692861508578062,0.003971881698817015,-7.317345443880185e-05,0.05741095915436745,-0.1402297466993332,0.005935569293797016,22.0,-0.004790022503584623,-0.0022215533535927534,-0.0006358606042340398,0.06941897422075272,-0.0982055589556694,-0.030834544450044632
1685054326622720700,0,54326.62109375,1.0,0.0,0.0,0.0,0.0,0.0,0.0,16.0,-0.010641521774232388,-0.0061546568758785725,0.002263345755636692,-0.04427079111337662,-0.28578728437423706,0.048995018005371094,17.0,-0.006140065845102072,0.00599015224725008,0.0012123632477596402,-0.024434885010123253,-0.13760897517204285,0.015613152645528316,18.0,-0.015279029496014118,0.0017286165384575725,0.0017569768242537975,-0.01682964712381363,-0.0022311541251838207,0.0293869748711586,20.0,0.004505066201090813,-3.431053482927382e-05,0.0001856188173405826,0.2107420563697815,-0.02845740132033825,0.011354324407875538,21.0,0.007490613963454962,0.004424127284437418,-1.7743819626048207e-05,-0.05820854380726814,0.04236425831913948,0.02451915852725506,22.0,-0.004568165168166161,-0.0009249026188626885,-0.00027000412228517234,-0.011231179349124432,0.038514360785484314,0.022475888952612877
1685054326642214100,0,54326.640625,1.0,0.0,0.0,0.0,0.0,0.0,0.0,16.0,-0.007516005542129278,-0.0010758169228211045,0.000968378793913871,0.26780369877815247,0.3890243470668793,-0.062205225229263306,17.0,-0.004643459804356098,0.004521767143160105,0.0004078699857927859,0.12276989221572876,0.012905743904411793,0.08174698799848557,18.0,-0.013642475940287113,0.004463561810553074,0.0017901973333209753,0.07015722244977951,0.11628543585538864,0.06280947476625443,20.0,0.005207917187362909,0.0013124237302690744,0.000620513514149934,0.280421644449234,0.11799538135528564,0.06270327419042587,21.0,0.00810914859175682,0.003987557720392942,0.00042759053758345544,0.0920732393860817,0.05768600106239319,0.10558412224054337,22.0,-0.004259607754647732,-0.00018462912703398615,0.000713196350261569,0.11364990472793579,0.1046767607331276,0.1085471585392952
1685054326642752500,0,54326.640625,1.0,0.0,0.0,0.0,0.0,0.0,0.0,16.0,-0.004161388613283634,-0.00250661326572299,0.001370239770039916,0.19830426573753357,-0.2352306991815567,0.08381520956754684,17.0,-0.00724661024287343,0.003832045244053006,0.0013470392441377044,-0.049344081431627274,-0.056749168783426285,0.02102476917207241,18.0,-0.012576994486153126,0.005065412726253271,0.0016022749477997422,0.01429927907884121,-0.03852556645870209,0.019282909110188484,20.0,0.00504079507663846,0.0006070290110073984,0.0007659373804926872,0.0765126571059227,-0.07198905199766159,0.014975923113524914,21.0,0.009261964820325375,0.0028738954570144415,0.0004899216582998633,-0.083739273250103,-0.11164028942584991,-0.01685027964413166,22.0,-0.003104479517787695,-0.0005433199694380164,0.0006037881830707192,0.0252453051507473,0.0015336674405261874,-0.015285726636648178
1685054326652255000,0,54326.65234375,1.0,0.0,0.0,0.0,0.0,0.0,0.0,16.0,-0.008177590556442738,-0.003378808731213212,0.002623283304274082,-0.45316484570503235,-0.14747989177703857,0.16121019423007965,17.0,-0.006837446708232164,0.004053526557981968,0.0021191269624978304,-0.02074279449880123,0.06342768669128418,0.024051278829574585,18.0,-0.011368414387106895,0.005834927782416344,0.0014833681052550673,0.05523253232240677,0.04986632987856865,0.011761638335883617,20.0,0.004783052951097488,0.002219011075794697,0.0014505391009151936,0.09450101107358932,0.19196462631225586,0.06251407414674759,21.0,0.009109444916248322,0.0008487494778819382,0.0011774975573644042,0.020639531314373016,0.04592949151992798,0.0605652891099453,22.0,-0.0022612770553678274,-0.001369515317492187,0.0009182780631817877,0.03837766498327255,0.06882278621196747,0.017487788572907448
1685054326662314700,0,54326.66015625,1.0,0.0,0.0,0.0,0.0,0.0,0.0,16.0,-0.009640968404710293,-0.00927750114351511,0.0038612873759120703,-0.21244612336158752,-0.6401185989379883,0.1669343262910843,17.0,-0.006415487267076969,0.008471690118312836,0.002660550642758608,0.05249132215976715,-0.027073891833424568,-0.0325143076479435,18.0,-0.010666366666555405,0.007402878720313311,0.0015528519870713353,0.03206552192568779,0.028738047927618027,0.023610945791006088,20.0,0.005734939128160477,0.0002987366751767695,0.0011332501890137792,0.21187683939933777,-0.12222534418106079,-0.036921221762895584,21.0,0.008447862230241299,0.0002484830911271274,0.0009601307101547718,-0.024301348254084587,-0.014946714974939823,-0.048955317586660385,22.0,-0.001672900514677167,-0.0029454496689140797,0.0006820406415499747,0.03797699138522148,0.01896747574210167,-0.04188060387969017
1685054326682253900,0,54326.68359375,1.0,0.0,0.0,0.0,0.0,0.0,0.0,16.0,-0.011090262793004513,-0.011829529888927937,0.00283893384039402,-0.2771260738372803,-0.24986569583415985,-0.11208990961313248,17.0,-0.0028800906147807837,0.010209181345999241,0.0009518155129626393,-0.07916993647813797,0.03364915773272514,-0.1530732363462448,18.0,-0.007909405045211315,0.010874366387724876,-0.00045237797894515097,-0.03942064940929413,0.07701372355222702,-0.1626521199941635,20.0,0.006483683828264475,-0.0007122459937818348,-0.00036020579864270985,0.04302104935050011,-0.01481426041573286,-0.17053137719631195,21.0,0.008135654963552952,0.00041707869968377054,-0.00046853048843331635,-0.03026966191828251,-0.01760314404964447,-0.14946766197681427,22.0,-0.0009521947358734906,-0.003531309077516198,-0.0008911714539863169,-0.04815399646759033,0.07159198820590973,-0.1949557662010193
1685054326682757800,0,54326.68359375,1.0,0.0,0.0,0.0,0.0,0.0,0.0,16.0,-0.00967372301965952,-0.011203681118786335,0.0012959424639120698,0.030792593955993652,-0.17979487776756287,-0.13872072100639343,17.0,-0.0014494945062324405,0.010829602368175983,-0.0005822852253913879,0.08269602805376053,-0.06741098314523697,-0.13145995140075684,18.0,-0.005883474368602037,0.014160768128931522,-0.0020481098908931017,0.04954683035612106,-0.0246368870139122,-0.14879606664180756,20.0,0.007386550307273865,-0.0008275834261439741,-0.0012959041632711887,0.17172273993492126,-0.05390385165810585,-0.1364983469247818,21.0,0.008087748661637306,0.000568834540899843,-0.0013441935880109668,0.06574729084968567,-0.07698103785514832,-0.14025326073169708,22.0,-0.0008823549724183977,-0.0034423586912453175,-0.0016692577628418803,0.03230104595422745,-0.016156163066625595,-0.13660921156406403
1685054326692226300,0,54326.69140625,1.0,0.0,0.0,0.0,0.0,0.0,0.0,16.0,-0.0051175556145608425,0.00035864044912159443,-0.0029995564837008715,0.14868517220020294,0.8347638845443726,-0.4089299440383911,17.0,0.0013699345290660858,0.005425857845693827,-0.003873440669849515,-0.16790953278541565,0.06669377535581589,-0.1308690309524536,18.0,-0.004234349355101585,0.014327442273497581,-0.0034704692661762238,-0.11162092536687851,0.10511671751737595,-0.15395641326904297,20.0,0.005583895370364189,0.00013945125101599842,-0.0013834810815751553,-0.2578558921813965,0.12901130318641663,-0.056633416563272476,21.0,0.01045413687825203,0.00033962164889089763,-0.0016942013753578067,-0.13319215178489685,0.04622368887066841,-0.1010960265994072,22.0,0.0008825685945339501,-0.0036607824731618166,-0.002158409683033824,-0.05987272784113884,0.03917615860700607,-0.10891209542751312
1685054326702757500,0,54326.703125,1.0,0.0,0.0,0.0,0.0,0.0,0.0,16.0,0.0010121188824996352,-0.005440268665552139,-0.0031306613236665726,0.5003652572631836,-0.6602187752723694,-0.04135161265730858,17.0,-0.0022352496162056923,0.006397953722625971,-0.0033961255103349686,0.18725191056728363,0.06828934699296951,-0.0016134320758283138,18.0,-0.005367149133235216,0.013596286997199059,-0.003157850122079253,0.017943447455763817,0.06991160660982132,-0.0014774802839383483,20.0,0.0063693025149405,-0.001104021561332047,-0.0009854562813416123,0.12396867573261261,-0.008916578255593777,-0.007683668285608292,21.0,0.009613892994821072,-0.0004448580730240792,-0.0011935567017644644,0.07250367105007172,0.045986250042915344,-0.004373421426862478,22.0,0.0010409747483208776,-0.0033627706579864025,-0.0016414077254012227,-0.013953270390629768,0.1422545462846756,-0.011408654972910881
1685054326712251400,0,54326.7109375,1.0,0.0,0.0,0.0,0.0,0.0,0.0,16.0,-0.0014935916988179088,-0.006087890360504389,-0.0015280230436474085,-0.16248153150081635,-0.2092689573764801,0.1321006864309311,17.0,-0.006213003769516945,0.004967557732015848,-0.0016099449712783098,-0.03657872974872589,0.09940555691719055,0.038202255964279175,18.0,-0.007669988553971052,0.012629477307200432,-0.0023644589819014072,0.05625933036208153,0.05539324879646301,0.04123328626155853,20.0,0.0076043857261538506,-0.0036063939332962036,-4.44038641944644e-06,0.2488948553800583,-0.2270202785730362,0.06269219517707825,21.0,0.009037555195391178,-0.0006343869608826935,-0.00010297172411810607,-0.09469600766897202,0.02893994189798832,0.1073407456278801,22.0,0.0007386766374111176,-0.0026182453148066998,-0.00019559363136067986,0.03262845426797867,0.10904305428266525,0.09438789635896683
1685054326732260200,0,54326.73046875,1.0,0.0,0.0,0.0,0.0,0.0,0.0,16.0,-0.01274615153670311,0.0017678436124697328,-0.001534038339741528,-0.9620012640953064,1.0955101251602173,-0.019293343648314476,17.0,-0.010947591625154018,0.00033070918289013207,-0.00163809466175735,0.010584965348243713,0.2106592357158661,0.04713515564799309,18.0,-0.00956694595515728,0.010901926085352898,-0.0014540303964167833,0.09122151881456375,0.2718748450279236,0.04608278349041939,20.0,0.008177163079380989,-0.0025759756099432707,0.0011246106587350368,0.24779681861400604,0.31168389320373535,0.09918178617954254,21.0,0.007713816594332457,-0.0026295394636690617,0.0011542008724063635,-0.006698778364807367,0.11415792256593704,0.05131460726261139,22.0,5.781298386864364e-05,-0.0024674299638718367,0.0006067926296964288,0.07578186690807343,0.29876619577407837,0.0480518564581871
1685054326732838400,0,54326.73046875,1.0,0.0,0.0,0.0,0.0,0.0,0.0,16.0,-0.012050923891365528,0.00577524583786726,-0.0006832338985987008,0.16893646121025085,0.6460632681846619,0.052105117589235306,17.0,-0.010252246633172035,0.00433826819062233,-0.0007874377770349383,-0.035527344793081284,0.09852879494428635,0.06323552131652832,18.0,-0.011486389674246311,0.008173852227628231,-9.062128810910508e-06,0.1399102360010147,0.14731918275356293,0.10612363368272781,20.0,0.008250554092228413,-0.0028428470250219107,0.001569252577610314,0.2923721373081207,0.08562438189983368,0.050959616899490356,21.0,0.005717095918953419,-0.0031983274966478348,0.0017312916461378336,0.052302490919828415,0.03025241568684578,0.06834734976291656,22.0,-0.0008313724538311362,-0.0033372470643371344,0.0017340157646685839,0.16117730736732483,0.09864009916782379,0.0983855202794075
1685054326742435200,0,54326.7421875,1.0,0.0,0.0,0.0,0.0,0.0,0.0,16.0,-0.010457489639520645,0.017384808510541916,-0.0032272646203637123,0.19306524097919464,1.4513598680496216,-0.3422743082046509,17.0,-0.004179937299340963,-0.004378445912152529,-0.0027697072364389896,-0.09485207498073578,-0.01983064040541649,-0.013883141800761223,18.0,-0.011676776222884655,0.0031308659818023443,0.0009314921335317194,0.06723048537969589,0.08190541714429855,0.06718357652425766,20.0,0.0076943859457969666,-0.003339789342135191,0.0010673637734726071,0.1691892445087433,-0.02594808116555214,-0.03614628687500954,21.0,0.003258263925090432,-0.0031505217775702477,0.0013493659207597375,-0.08220816403627396,-0.006953186355531216,-0.0011831941083073616,22.0,-0.0014364254893735051,-0.003128745825961232,0.002102741040289402,0.10082292556762695,0.10363402962684631,0.0393306165933609
1685054326752344600,0,54326.75390625,1.0,0.0,0.0,0.0,0.0,0.0,0.0,16.0,-0.007751666475087404,0.008783445693552494,-0.0014811971923336387,0.37026530504226685,-0.43958771228790283,0.05553284287452698,17.0,-0.000207025688723661,-0.004970879293978214,-0.00153498409781605,-0.048695020377635956,-0.05557238683104515,-0.027076324447989464,18.0,-0.010073955170810223,9.578000026522204e-05,0.0011773775331676006,0.051042892038822174,0.04117802530527115,0.016781805083155632,20.0,0.005082346498966217,-0.0035382811911404133,0.0007277957047335804,-0.053591039031744,-0.09251772612333298,-0.02269303798675537,21.0,0.0011640553129836917,-0.003501696279272437,0.0009774622740224004,0.020366353914141655,-0.10346923023462296,-0.03535979241132736,22.0,-0.0015077058924362063,-0.0028610308654606342,0.001877866336144507,0.11426734924316406,-0.03300069272518158,-0.008374238386750221
1685054326762159800,0,54326.76171875,1.0,0.0,0.0,0.0,0.0,0.0,0.0,16.0,-0.007168183568865061,-0.005222066771239042,0.0019200535025447607,0.1520833522081375,-1.1968406438827515,0.27378830313682556,17.0,-0.0002828020660672337,-0.0025620260275900364,0.0011235744459554553,0.1193373054265976,-0.07341818511486053,0.018527785316109657,18.0,-0.007483027409762144,-0.00047672336222603917,0.0008959133410826325,0.07574208080768585,-0.1015060618519783,-0.02857482060790062,20.0,0.001270276727154851,-0.0007112384773790836,0.00041457501356489956,-0.23353420197963715,0.12453459203243256,-0.026840992271900177,21.0,-0.0005840983358211815,-0.0039193169213831425,0.0005410969606600702,0.10431738942861557,-0.1717648059129715,-0.05873182415962219,22.0,-0.0014364878879860044,-0.002584325149655342,0.0012558704474940896,0.10464698821306229,-0.10563967376947403,-0.04525136947631836
1685054326782267800,0,54326.78125,1.0,0.0,0.0,0.0,0.0,0.0,0.0,16.0,-0.007263581734150648,-0.009282979182898998,0.004041493870317936,-0.00267748162150383,-0.4676242768764496,0.1991087794303894,17.0,-0.0008090774063020945,-0.0016329133650287986,0.0030430839397013187,0.11180030554533005,-0.0990729108452797,-0.04310344159603119,18.0,-0.005006386432796717,0.0007972203893586993,0.0005280444747768342,0.04391412436962128,-0.0049961325712502,-0.04081181809306145,20.0,-0.0011822802480310202,-0.002708089305087924,8.230806270148605e-05,-0.20754973590373993,-0.3101471960544586,-0.03520507737994194,21.0,-0.003847180400043726,-0.002977712545543909,0.0002530647034291178,-0.06671275943517685,-0.07796725630760193,-0.0452846996486187,22.0,-0.0012897801352664828,-0.0024052218068391085,0.000696615781635046,0.062345605343580246,-0.1391819715499878,-0.042554549872875214
1685054326782779700,0,54326.78125,1.0,0.0,0.0,0.0,0.0,0.0,0.0,16.0,-0.008666858077049255,-0.009799513034522533,0.00511726550757885,-0.2242971956729889,-0.11105118691921234,0.1553443819284439,17.0,-0.002207428915426135,-0.0021541574969887733,0.004120109602808952,0.0900912955403328,0.08194424211978912,-0.023085346445441246,18.0,-0.0028143010567873716,0.0012394803343340755,0.0005226645735092461,0.014299234375357628,-0.03491557016968727,-0.01929827593266964,20.0,-0.003057474037632346,-0.005259502213448286,0.00011036104115191847,-0.2859078049659729,-0.25528523325920105,0.0004871122946497053,21.0,-0.0054575130343437195,-0.002908256370574236,0.00025757268304005265,-0.08124304562807083,0.006283840164542198,-0.018093978986144066,22.0,-0.0017634541727602482,-0.0010842714691534638,0.0008592006051912904,-0.05492911860346794,0.07569173723459244,0.02924448810517788
1685054326792276300,0,54326.79296875,1.0,0.0,0.0,0.0,0.0,0.0,0.0,16.0,-0.011538313701748848,-0.0014535508817061782,0.0031524598598480225,-0.6517552137374878,0.6496501564979553,-0.10960286855697632,17.0,0.00036012043710798025,-0.00808724109083414,0.002327890135347843,-0.019539635628461838,-0.10700520873069763,-0.13617929816246033,18.0,-0.0005887815495952964,0.00045653985580429435,-0.0009017048287205398,-0.11415942758321762,-0.05253900587558746,-0.18976573646068573,20.0,-0.0001700227876426652,-0.0047239866107702255,-0.001016774564050138,-0.0306269321590662,-0.0018813740462064743,-0.11817149072885513,21.0,-0.00653801579028368,-0.003857305971905589,-0.0006117590819485486,-0.24452240765094757,-0.057348091155290604,-0.12493745982646942,22.0,-0.001550839515402913,-0.0005299218464642763,-0.000832347956020385,-0.11490905284881592,-0.017096510156989098,-0.16576233506202698
1685054326802264100,0,54326.80078125,1.0,0.0,0.0,0.0,0.0,0.0,0.0,16.0,-0.014553169719874859,0.005413440987467766,0.0017109471373260021,-0.42823487520217896,0.658402144908905,-0.11673174053430557,17.0,0.0009397005778737366,-0.01429720874875784,0.0011870234739035368,-0.01118701696395874,0.028122762218117714,-0.08623754978179932,18.0,0.00031893266714178026,-0.0024543676991015673,-0.0011506601003929973,-0.004045243840664625,0.0035647402983158827,-0.10435229539871216,20.0,0.0032151774503290653,-0.004149737302213907,-0.0017258699517697096,0.004938917234539986,-0.0049208421260118484,-0.07604566216468811,21.0,-0.004653220530599356,-0.004588723182678223,-0.0012209918349981308,-0.11813723295927048,0.034050390124320984,-0.05599535256624222,22.0,0.00027004911680705845,2.4258610210381448e-05,-0.001335235545411706,-0.06077434495091438,0.0971299335360527,-0.05114847049117088
1685054326822171600,0,54326.8203125,1.0,0.0,0.0,0.0,0.0,0.0,0.0,16.0,-0.015684885904192924,0.0073440903797745705,0.0003950469836127013,-0.351116806268692,0.356293261051178,-0.18630222976207733,17.0,0.003568457206711173,-0.01770624704658985,-0.000214411411434412,-0.00797895435243845,-0.06284651160240173,-0.15951798856258392,18.0,0.0029674905817955732,-0.005945323035120964,-0.0018331401515752077,-0.09606070071458817,0.017392193898558617,-0.16254444420337677,20.0,0.005385979078710079,-0.0008713377173990011,-0.002934476127848029,-0.16264919936656952,0.2958061099052429,-0.13457906246185303,21.0,-0.0029759369790554047,-0.004693734459578991,-0.0023877015337347984,-0.18957874178886414,-0.012224388308823109,-0.14509481191635132,22.0,0.0016244365833699703,-5.510044502443634e-05,-0.0023331129923462868,-0.15868063271045685,0.10087685286998749,-0.1109962984919548
1685054326830587200,0,54326.828125,1.0,0.0,0.0,0.0,0.0,0.0,0.0,16.0,-0.006459618452936411,0.0008714958094060421,0.0015853513032197952,0.23150208592414856,-0.2383187860250473,-0.005142406560480595,17.0,0.011790875345468521,-0.018489671871066093,0.0008126894827000797,0.1969287097454071,-0.06966088712215424,0.02028791606426239,18.0,0.005337736569344997,-0.009730038233101368,2.0280338503653184e-05,-0.039937056601047516,0.021151980385184288,0.014930792152881622,20.0,0.004712484776973724,-0.003473118180409074,-0.0031001297757029533,-0.10055465996265411,-0.16338175535202026,-0.0017352629220113158,21.0,-0.004218165297061205,-0.0017675183480605483,-0.0025292350910604,-0.04443953186273575,-0.021273836493492126,0.008555056527256966,22.0,0.0018629933474585414,0.0009840780403465033,-0.0028306343592703342,-0.030509449541568756,0.022344287484884262,0.006089474074542522
1685054326840135700,0,54326.83984375,1.0,0.0,0.0,0.0,0.0,0.0,0.0,16.0,-0.0013575948541983962,-0.002710566623136401,0.002393379807472229,0.40271222591400146,-0.1463734209537506,0.013618127442896366,17.0,0.014747043140232563,-0.016716094687581062,0.001563102938234806,0.1687348186969757,0.08515117317438126,0.07694678008556366,18.0,0.0044435132294893265,-0.00951786246150732,0.0014400279615074396,-0.03743870556354523,0.07810119539499283,0.050365690141916275,20.0,0.004761840682476759,-0.004292275756597519,-0.0028732989449054003,0.0423126183450222,-0.09999030828475952,0.0030168117955327034,21.0,-0.00479345815256238,-0.0015057021519169211,-0.002263429341837764,-0.01353035494685173,0.03306063264608383,-0.009054486639797688,22.0,0.0006158206961117685,0.0014193984679877758,-0.0020962627604603767,0.00303701707161963,0.046389639377593994,0.053804077208042145
1685054326850444800,0,54326.8515625,1.0,0.0,0.0,0.0,0.0,0.0,0.0,16.0,0.002651176182553172,-0.004184139892458916,0.0030069376807659864,0.4185103476047516,-0.12123443931341171,0.016902144998311996,17.0,0.01594977267086506,-0.015172746032476425,0.0022959625348448753,-0.042950667440891266,0.0010923841036856174,0.04857967793941498,18.0,0.004061082378029823,-0.009398594498634338,0.0023410841822624207,0.017310772091150284,-0.08027466386556625,0.01965196244418621,20.0,0.0031560559291392565,-0.0028002497274428606,-0.002558185951784253,-0.1093628779053688,0.05456284433603287,0.011583128944039345,21.0,-0.004491341765969992,-0.0032432032749056816,-0.0020619116257876158,0.1200113296508789,-0.1788547784090042,-0.03570861741900444,22.0,-0.0008098917896859348,0.0014470877358689904,-0.0016030014958232641,0.004246909637004137,-0.07207761704921722,0.035488829016685486
1685054326870138400,0,54326.87109375,1.0,0.0,0.0,0.0,0.0,0.0,0.0,16.0,0.003331485204398632,-0.0016054298030212522,0.002921070670709014,0.2324615716934204,0.2784601151943207,-0.03856515884399414,17.0,0.01675393246114254,-0.017171179875731468,0.002435041591525078,0.05339685454964638,0.07493069022893906,0.010931179858744144,18.0,0.0037588668055832386,-0.009246893227100372,0.0037872728426009417,0.08188851177692413,0.01579655334353447,0.09928740561008453,20.0,-0.00019659119425341487,-0.002301182597875595,-0.001758716069161892,-0.20332440733909607,0.012721821665763855,0.059935931116342545,21.0,-0.0036304830573499203,-0.003079425310716033,-0.0015340945683419704,0.012125067412853241,0.10911203175783157,0.07595301419496536,22.0,-0.001725654350593686,0.0015848114853724837,-0.0018157424638047814,0.03811066970229149,0.019594967365264893,-0.033500757068395615
1685054326883269200,0,54326.8828125,1.0,0.0,0.0,0.0,0.0,0.0,0.0,16.0,0.003769076429307461,0.0020360106136649847,0.001579759526066482,0.04527490213513374,0.4150013327598572,-0.16153106093406677,17.0,0.01269883755594492,-0.02204386703670025,0.0019623837433755398,-0.06954873353242874,0.047024041414260864,-0.02513248473405838,18.0,0.0031430760864168406,-0.009465032257139683,0.002931772032752633,-0.059903521090745926,0.029182573780417442,-0.11444618552923203,20.0,-0.002374269301071763,-0.003352242987602949,-0.0009414419764652848,-0.21645542979240417,-0.05447964742779732,0.05167974531650543,21.0,-0.0014266949146986008,-0.0031543755903840065,-0.0010033627040684223,-0.025615692138671875,0.04053457826375961,0.02373291365802288,22.0,-0.0019351108931005,0.0013678391696885228,-0.0011720736511051655,-0.019772086292505264,0.028765834867954254,0.03359489142894745
1685054326883689000,0,54326.8828125,1.0,0.0,0.0,0.0,0.0,0.0,0.0,16.0,0.0037467393558472395,0.0027079598512500525,0.001244839746505022,0.01703987829387188,0.10331236571073532,-0.05811458081007004,17.0,0.012681961990892887,-0.021369729191064835,0.0016365072224289179,-0.0717063695192337,0.15151068568229675,-0.018674837425351143,18.0,0.00303883315064013,-0.01069247629493475,0.002968723652884364,-0.0590139739215374,0.026282459497451782,-0.009562669321894646,20.0,-0.003053407883271575,-0.003306059166789055,-1.969672894119867e-06,-0.08397353440523148,-0.00546696363016963,0.07460199296474457,21.0,-0.0021058900747448206,-0.0031080415938049555,-6.38599376543425e-05,-0.09006083756685257,0.04543555900454521,0.024970654398202896,22.0,-0.0011476186336949468,0.0009408938349224627,-0.0008372820448130369,-0.031160930171608925,0.03491676598787308,0.0034286733716726303
1685054326893470900,0,54326.89453125,1.0,0.0,0.0,0.0,0.0,0.0,0.0,16.0,0.0015492094680666924,0.0023478642106056213,-0.000270333286607638,-0.38050782680511475,0.14157356321811676,-0.1850181370973587,17.0,0.010600927285850048,-0.023462332785129547,0.0002106039464706555,-0.018681026995182037,0.14223913848400116,-0.025023002177476883,18.0,0.0025758021511137486,-0.013441835530102253,0.0026652042288333178,-0.1733570545911789,0.11603863537311554,-0.01483885943889618,20.0,0.0012717664940282702,-0.0014015103224664927,-0.00012032550876028836,0.23956766724586487,0.2698068916797638,-0.0014261772157624364,21.0,-0.0038221541326493025,-0.0025207584258168936,0.00021295296028256416,-0.21414197981357574,0.12855535745620728,0.017958570271730423,22.0,-0.0015814572107046843,1.0702612598834094e-05,-0.0007945762481540442,-0.2319268137216568,0.09551270306110382,-0.02685231901705265
1685054326903194700,0,54326.90234375,1.0,0.0,0.0,0.0,0.0,0.0,0.0,16.0,-0.00048253158456645906,-0.0053551215678453445,0.0004777321300935,-0.41452643275260925,-0.6328962445259094,0.04080523923039436,17.0,0.01027233898639679,-0.019854776561260223,0.00021428827312774956,-0.029009612277150154,0.10282322019338608,0.02276933193206787,18.0,0.0020734737627208233,-0.01480434276163578,0.002188862068578601,-0.14414891600608826,0.029648831114172935,-0.008724499493837357,20.0,0.0019779237918555737,-0.00047394679859280586,-0.00013133227184880525,-0.03968961909413338,0.16923750936985016,0.0252632237970829,21.0,-0.004585407208651304,-0.001159403007477522,0.0002967340114992112,-0.20338118076324463,0.1021987572312355,0.049023810774087906,22.0,-0.0010072841541841626,-6.699523510178551e-05,-0.00017678017320577055,-0.0807575061917305,0.08570818603038788,0.051805004477500916
1685054326923815000,0,54326.921875,1.0,0.0,0.0,0.0,0.0,0.0,0.0,16.0,-0.0015116184949874878,-0.005218973848968744,0.0016748576890677214,-0.10622832179069519,0.09583685547113419,0.05890175700187683,17.0,0.012223795056343079,-0.015123111195862293,0.0008962847641669214,-0.10736040025949478,-0.13061410188674927,0.10860282182693481,18.0,0.003447664435952902,-0.013279733248054981,0.002809093100950122,0.013845868408679962,0.02539854310452938,0.09500289708375931,20.0,0.0008843661635182798,0.0027905465103685856,0.0003224870888516307,0.0667736828327179,0.23685592412948608,0.06515387445688248,21.0,-0.0064827618189156055,0.0005239377496764064,0.0008090453338809311,-0.10700485110282898,0.102481909096241,0.13819678127765656,22.0,-0.0015566711081191897,-0.0011136624962091446,0.0006486558704636991,0.042197540402412415,-0.004603656940162182,0.09031245112419128
1685054326933152900,0,54326.93359375,1.0,0.0,0.0,0.0,0.0,0.0,0.0,16.0,0.00018321782408747822,-0.0022721358109265566,0.002547895535826683,0.018665306270122528,0.044461432844400406,0.09245143085718155,17.0,0.014701471664011478,-0.011820495128631592,0.0016804399201646447,-0.27899909019470215,-0.1349945068359375,0.02353591099381447,18.0,0.0045571094378829,-0.01074911281466484,0.0024409706238657236,-0.057140104472637177,-0.10075784474611282,0.009175962768495083,20.0,0.002363414503633976,0.003033766755834222,-0.0007045818492770195,0.15431539714336395,-0.049290724098682404,-0.04460727050900459,21.0,-0.009463830851018429,0.002927116584032774,6.871767254779115e-05,-0.21229439973831177,-0.10292361676692963,0.00280482554808259,22.0,-0.0017639241414144635,-0.00038643699372187257,0.0003022987220901996,-0.040848780423402786,-0.09134770184755325,0.020063698291778564
1685054326943412100,0,54326.94140625,1.0,0.0,0.0,0.0,0.0,0.0,0.0,16.0,0.0011126419994980097,0.0005290817935019732,0.0036188100930303335,0.27591672539711,-0.03752976283431053,0.14263613522052765,17.0,0.013437598012387753,-0.013247434049844742,0.003184749512001872,0.05958947166800499,-0.23089100420475006,0.07187191396951675,18.0,0.005209201946854591,-0.009096610359847546,0.0032615067902952433,0.17610232532024384,-0.2143678367137909,0.12375349551439285,20.0,-4.053071097587235e-05,0.003258861368522048,-0.0001404197100782767,0.04254433885216713,-0.13629037141799927,0.10102170705795288,21.0,-0.01141613069921732,0.002979031065478921,0.0006060967571102083,0.12428788840770721,-0.20816130936145782,0.08008720725774765,22.0,-0.003071678802371025,0.00046964979264885187,0.0009706130367703736,0.12817861139774323,-0.1830085664987564,0.11806662380695343
1685054326953991900,0,54326.953125,1.0,0.0,0.0,0.0,0.0,0.0,0.0,16.0,0.0019982578232884407,0.005734954960644245,0.0029152268543839455,0.1580485850572586,0.1070966050028801,-0.012973738834261894,17.0,0.01139031071215868,-0.015374445356428623,0.0031516083981841803,-0.0017906846478581429,-0.2866419851779938,-2.693238275242038e-05,18.0,0.005176854319870472,-0.007909075357019901,0.003366707591339946,0.038031574338674545,-0.24855679273605347,0.052956875413656235,20.0,-0.002307296497747302,0.0050168223679065704,8.50890573929064e-05,-0.12998677790164948,-0.131498321890831,0.05356413125991821,21.0,-0.012638173997402191,0.0017386010149493814,0.0007740411092527211,-0.03632425516843796,-0.27311834692955017,0.06129487231373787,22.0,-0.003448904724791646,0.0011641292367130518,0.0008132101502269506,0.06316431611776352,-0.2933717966079712,0.025777768343687057
1685054326973294100,0,54326.97265625,1.0,0.0,0.0,0.0,0.0,0.0,0.0,16.0,-0.0008856130880303681,0.007194173522293568,0.002336604753509164,-0.07077116519212723,-0.22100844979286194,-0.001594283850863576,17.0,0.008548016659915447,-0.015185266733169556,0.0026449968572705984,0.052158914506435394,-0.3239362835884094,-0.05533125624060631,18.0,0.0050147101283073425,-0.007481309585273266,0.002251042751595378,0.1664542704820633,-0.29578110575675964,-0.07121124863624573,20.0,-0.0003450265503488481,0.0060905031859874725,-0.000545406888704747,0.3876628875732422,-0.3103666305541992,-0.059817180037498474,21.0,-0.01431222353130579,0.002106018364429474,0.0003884307516273111,0.03810933977365494,-0.309699147939682,-0.057815928012132645,22.0,-0.0035559646785259247,0.001861743163317442,0.00013324475730769336,0.18080076575279236,-0.34773603081703186,-0.06463409215211868
1685054326973805700,0,54326.97265625,1.0,0.0,0.0,0.0,0.0,0.0,0.0,16.0,-0.0026097684167325497,0.0015983787598088384,0.0025548357516527176,-0.14215677976608276,-0.827653169631958,0.07723205536603928,17.0,0.005943013355135918,-0.00915237981826067,0.002327294321730733,-0.035841263830661774,-0.13261504471302032,-0.12379372119903564,18.0,0.004040351137518883,-0.005929568782448769,0.000839371292386204,-0.02128809317946434,-0.224371999502182,-0.11009348928928375,20.0,-0.0003040221054106951,0.006552523002028465,-0.00133131246548146,0.011182932183146477,-0.24981194734573364,-0.10363376140594482,21.0,-0.014273444190621376,0.0025750796776264906,-0.00039352322346530855,0.049444813281297684,-0.2697625160217285,-0.16876669228076935,22.0,-0.003476264188066125,0.0026587184984236956,-0.00064500403823331,0.02699166350066662,-0.25223350524902344,-0.08550509810447693
1685054326984073500,0,54326.984375,1.0,0.0,0.0,0.0,0.0,0.0,0.0,16.0,-0.004282185807824135,0.005571427289396524,0.0012190230190753937,-0.16385261714458466,0.18901370465755463,-0.08260993659496307,17.0,0.009129151701927185,-0.010181666351854801,0.000808573851827532,-0.1508389562368393,-0.181658536195755,-0.0507613867521286,18.0,0.004340026061981916,-0.005360826384276152,0.00029950900352559984,-0.002961516147479415,-0.18298810720443726,-0.0311871524900198,20.0,0.002590130316093564,0.007621642667800188,-0.0018069380894303322,0.22464391589164734,-0.04620989412069321,-0.1106356531381607,21.0,-0.0146341472864151,0.0019452518317848444,-0.0006422105361707509,-0.0017764961812645197,-0.2044358104467392,-0.07038689404726028,22.0,-0.0037830465007573366,0.002715294249355793,-0.0008744982769712806,0.0032277279533445835,-0.12644533812999725,-0.05475722253322601
1685054326993449000,0,54326.9921875,1.0,0.0,0.0,0.0,0.0,0.0,0.0,16.0,-0.004121544770896435,0.009157738648355007,-0.0005197985447011888,0.08780039846897125,0.42043793201446533,-0.1379987597465515,17.0,0.009847243316471577,-0.012157035060226917,-0.0006740339449606836,-0.022612983360886574,0.1175793707370758,0.04515723139047623,18.0,0.0053376914002001286,-0.006051869597285986,0.0004801652394235134,0.08898874372243881,0.03921469673514366,0.04268188402056694,20.0,0.003958583809435368,0.008548378944396973,-0.0006869469070807099,0.15770849585533142,0.24461841583251953,0.05017140507698059,21.0,-0.013866594061255455,0.00040151062421500683,0.0005331637221388519,0.11889320611953735,0.03735610842704773,0.04203822836279869,22.0,-0.003643353469669819,0.000927087152376771,-0.0004361616156529635,0.08428171277046204,0.02530095912516117,-0.009182115085422993
1685054327013427200,0,54327.01171875,1.0,0.0,0.0,0.0,0.0,0.0,0.0,16.0,-0.0015662485966458917,0.004268041346222162,-4.1633102227933705e-05,0.37293824553489685,-0.5082206130027771,0.05361807718873024,17.0,0.007184676360338926,-0.007244706153869629,-0.00023452160530723631,0.0018904947210103273,0.07375054061412811,0.029125137254595757,18.0,0.004627331160008907,-0.006827803328633308,0.0007398065645247698,0.10503312200307846,0.04074984788894653,0.057935405522584915,20.0,0.005078474525362253,0.00724343815818429,8.314261503983289e-05,0.15629856288433075,0.03777330368757248,0.04988451302051544,21.0,-0.012540348805487156,-5.867685467819683e-05,0.0012922418536618352,0.2040245085954666,0.031163839623332024,0.011268793605268002,22.0,-0.0015208726981654763,-0.002130925189703703,9.135140862781554e-05,0.10148471593856812,-0.0693935751914978,0.012723436579108238
1685054327014309700,0,54327.015625,1.0,0.0,0.0,0.0,0.0,0.0,0.0,16.0,-0.001996934413909912,0.004527599085122347,-0.0004919529892504215,0.12965498864650726,0.2265581488609314,-0.0513412170112133,17.0,0.006744182202965021,-0.006993030197918415,-0.000680908327922225,0.03316209092736244,0.16057085990905762,0.061399661004543304,18.0,0.0041776010766625404,-0.007683431729674339,0.0007742462330497801,0.109066903591156,0.028544900938868523,0.038076002150774,20.0,0.006043769884854555,0.005066611338406801,0.0001543401594972238,0.15242460370063782,0.05445903167128563,0.0038231343496590853,21.0,-0.01230537611991167,-0.00023355313169304281,0.0014115441590547562,0.28018221259117126,0.2062857300043106,0.046754103153944016,22.0,-0.0010183736449107528,-0.0041633485816419125,0.0001991874014493078,0.13602669537067413,0.06080524995923042,-0.01756570301949978
1685054327023888400,0,54327.0234375,1.0,0.0,0.0,0.0,0.0,0.0,0.0,16.0,-0.0038245401810854673,0.0016598087968304753,0.000680623110383749,-0.009357113391160965,-0.06919433176517487,0.10953039675951004,17.0,0.0072038015350699425,-0.006655619014054537,0.0001051540530170314,0.00431871647015214,0.21008329093456268,0.06428556889295578,18.0,0.003764658933505416,-0.006502954289317131,0.0006595372688025236,-0.023059256374835968,0.11476387083530426,0.028689304366707802,20.0,0.005576328840106726,0.005217007361352444,0.0006070099771022797,-0.02439233660697937,0.2134687751531601,0.056346338242292404,21.0,-0.010909933596849442,-0.0006291401223279536,0.0017464939737692475,0.12654997408390045,0.01826382987201214,0.05038945749402046,22.0,-0.002380002522841096,-0.005025038495659828,0.0012194403680041432,-0.05184457078576088,0.05640136078000069,0.09127290546894073
1685054327033675900,0,54327.03125,1.0,0.0,0.0,0.0,0.0,0.0,0.0,16.0,-0.004867238458245993,-0.00019844804774038494,0.0016400172607973218,-0.025365959852933884,-0.0381523035466671,0.1208505854010582,17.0,0.007853754796087742,-0.005693161394447088,0.0007544489926658571,0.10641314834356308,0.14469759166240692,0.10204991698265076,18.0,0.004437739495187998,-0.0061534312553703785,0.0013273936929181218,0.04085792228579521,-0.004807083401829004,0.11519306898117065,20.0,0.0008979630074463785,0.00317547214217484,0.0016331080114468932,-0.4711401164531708,-0.03539760410785675,0.12748508155345917,21.0,-0.006893448065966368,-0.0016728548798710108,0.002181710908189416,0.05791544169187546,0.08579359203577042,0.11813017725944519,22.0,-0.0007677397225052118,-0.006101130973547697,0.0011919619282707572,0.06356851011514664,-0.03537508100271225,0.006965452339500189
1685054327043795300,0,54327.04296875,1.0,0.0,0.0,0.0,0.0,0.0,0.0,16.0,-0.0031130320858210325,-0.00021269523131195456,0.001454825745895505,0.11704597622156143,0.14825426042079926,0.027348028495907784,17.0,0.007971413433551788,-0.007094582077115774,0.0007997528882697225,-0.09843507409095764,0.2084520161151886,0.05521661415696144,18.0,0.004943313077092171,-0.006247637327760458,0.0008227539947256446,-0.09559065103530884,0.09599253535270691,0.0005546219763346016,20.0,0.002005266724154353,0.001645730808377266,0.0011679274030029774,-0.013121102936565876,0.06271182000637054,-0.010742164216935635,21.0,-0.005497596692293882,-0.0023953767959028482,0.001694976119324565,0.01796005666255951,0.0774388387799263,-0.004440130200237036,22.0,0.0004972026799805462,-0.006739894859492779,0.001508302171714604,-0.04373418912291527,0.072867751121521,0.052888598293066025
1685054327053249300,0,54327.0546875,1.0,0.0,0.0,0.0,0.0,0.0,0.0,16.0,0.00027121169841848314,-0.0017993596848100424,0.0005961116403341293,0.2616981565952301,-0.10260304808616638,-0.03672340139746666,17.0,0.007614899426698685,-0.0077509828843176365,0.00023931055329740047,0.047665536403656006,0.027836550027132034,0.03966158255934715,18.0,0.0054258499294519424,-0.007598546799272299,0.0010680906707420945,-0.029558537527918816,-0.06443857401609421,0.07383155822753906,20.0,0.0013100267387926579,0.000873537443112582,0.0008862599497660995,-0.17689679563045502,0.05189606547355652,0.004236182197928429,21.0,-0.003776889992877841,-0.0038762909825891256,0.0012530505191534758,-0.01829254813492298,-0.05212260037660599,-0.0012295331107452512,22.0,0.0011778677580878139,-0.00834606122225523,0.0014471991453319788,-0.07916264235973358,-0.0750301256775856,0.021807726472616196
1685054327063787400,0,54327.0625,1.0,0.0,0.0,0.0,0.0,0.0,0.0,16.0,0.003915104083716869,-0.004656089935451746,0.0002407661231700331,0.3032228946685791,-0.25816643238067627,0.009212540462613106,17.0,0.007264058105647564,-0.004352949559688568,-8.767308463575318e-05,0.0007552484166808426,0.05359900742769241,0.035997167229652405,18.0,0.004796314984560013,-0.007380075752735138,0.0006056328420527279,-0.061887141317129135,-0.01010876428335905,0.0037156967446208,20.0,-0.0003503781044855714,0.00010959414066746831,0.0007818417507223785,-0.2657836079597473,0.02626548521220684,0.015799447894096375,21.0,-0.0037491198163479567,-0.006028271280229092,0.0010407681111246347,-0.09836410731077194,-0.013306740671396255,0.027853358536958694,22.0,0.0026116841472685337,-0.00964600034058094,0.0014531954657286406,-0.026524294167757034,-0.02486254647374153,0.033005353063344955
1685054327073299400,0,54327.07421875,1.0,0.0,0.0,0.0,0.0,0.0,0.0,16.0,0.005094356369227171,-0.003436358878389001,-0.0007814457057975233,0.02736222930252552,0.12519404292106628,-0.06752228736877441,17.0,0.009446761570870876,-0.005434039980173111,-0.0010770477820187807,-0.047224853187799454,-0.013830777257680893,0.007538041099905968,18.0,0.0046307784505188465,-0.007765329442918301,-0.00047908289707265794,-0.11767832189798355,-0.041449181735515594,-0.06655318289995193,20.0,-5.563011291087605e-05,-0.0005410743760876358,0.000881241518072784,-0.13753272593021393,0.029487483203411102,0.034168343991041183,21.0,-0.0037619932554662228,-0.008362124674022198,0.0011701141484081745,-0.08710208535194397,-0.06877882778644562,-0.04357844591140747,22.0,0.0023943549022078514,-0.010573233477771282,0.0011699351016432047,-0.18702805042266846,0.046864017844200134,0.00450687063857913
1685054327083275100,0,54327.08203125,1.0,0.0,0.0,0.0,0.0,0.0,0.0,16.0,0.006575849372893572,-0.00409311056137085,-0.001115078921429813,0.001827202970162034,-0.04608004167675972,-0.014740774407982826,17.0,0.009899911470711231,-0.003953355364501476,-0.0014323516516014934,-0.10182922333478928,0.07379893958568573,-0.03465978056192398,18.0,0.00482943607494235,-0.007630182895809412,-0.0007791946409270167,-0.158115416765213,0.012734439224004745,-0.003904506331309676,20.0,-0.001671357313171029,-0.0008347249240614474,0.0006255931803025305,-0.40130525827407837,0.07787231355905533,-0.0035382516216486692,21.0,-0.0035954471677541733,-0.0091774370521307,0.0007968933787196875,-0.2520832121372223,0.09683313965797424,-0.021646758541464806,22.0,0.0028268559835851192,-0.012685464695096016,0.0008565080934204161,-0.21075856685638428,-0.05106455460190773,-0.0010793741093948483
1685054327093566700,0,54327.09375,1.0,0.0,0.0,0.0,0.0,0.0,0.0,16.0,0.005680101923644543,-0.0038027761038392782,-0.0007618743693456054,-0.15700049698352814,0.028243890032172203,0.043404798954725266,17.0,0.011843381449580193,-0.004650203976780176,-0.0012893000384792686,-0.045273974537849426,-0.08628018200397491,0.03435007482767105,18.0,0.005223370157182217,-0.007543657440692186,-0.0009261082159355283,-0.12125106900930405,-0.012174047529697418,0.0005479975952766836,20.0,-0.0018401831621304154,-0.002210781676694751,0.0007707574404776096,-0.19231030344963074,-0.049283526837825775,0.0404047816991806,21.0,-0.004580244421958923,-0.009413142688572407,0.0009934193221852183,-0.07169879972934723,-0.015877332538366318,0.018581705167889595,22.0,0.0031110141426324844,-0.013747470453381538,0.0003008401545230299,-0.0968426913022995,-0.01911522075533867,-0.028498470783233643
1685054327103390200,0,54327.1015625,1.0,0.0,0.0,0.0,0.0,0.0,0.0,16.0,0.006773787084966898,-0.0009183915099129081,-0.0012476599076762795,0.01981370896100998,0.20968268811702728,-0.051611147820949554,17.0,0.011620626784861088,-0.0057471697218716145,-0.001433790777809918,-0.03678220510482788,-0.08118350803852081,0.02828517183661461,18.0,0.00508436094969511,-0.007411512546241283,-0.0014704514760524035,-0.1673692762851715,-0.022018061950802803,-0.06019580736756325,20.0,-0.0017975515220314264,-0.003338560229167342,-9.120499453274533e-05,-0.18258218467235565,-0.12902846932411194,-0.06374655663967133,21.0,-0.0061851805076003075,-0.009157795459032059,0.00023804124793969095,-0.18482424318790436,0.023303387686610222,-0.08161170035600662,22.0,0.001776168355718255,-0.013347354717552662,-7.271552476595389e-06,-0.23235951364040375,0.013264811597764492,-0.012925779446959496
1685054327113347300,0,54327.11328125,1.0,0.0,0.0,0.0,0.0,0.0,0.0,16.0,0.006561565678566694,0.0004463409713935107,-0.0004696639080066234,-0.09518009424209595,0.12846501171588898,0.07125350832939148,17.0,0.012054473161697388,-0.004500179085880518,-0.0007091518491506577,-0.0033730578143149614,-0.019937388598918915,0.019685545936226845,18.0,0.004879444371908903,-0.007218628656119108,-0.0012464839965105057,-0.13469119369983673,0.003806584281846881,0.0036467392928898335,20.0,-0.002017499879002571,-0.003691490273922682,-9.243297972716391e-05,-0.19546015560626984,-0.040686480700969696,0.023398960009217262,21.0,-0.006425664760172367,-0.008607062511146069,0.00023446488194167614,-0.057133328169584274,-0.0051602935418486595,0.04014955833554268,22.0,0.0012498532887548208,-0.012856723740696907,0.00018716244085226208,-0.09078838676214218,0.008121676743030548,0.03987189754843712
1685054327123771700,0,54327.12109375,1.0,0.0,0.0,0.0,0.0,0.0,0.0,16.0,0.006380327045917511,0.0020461073145270348,-0.0003818184195552021,0.023519473150372505,0.06485051661729813,-0.0023744418285787106,17.0,0.013520115055143833,-0.004560487344861031,-0.0006825293530710042,-0.03976726159453392,-0.13948757946491241,-0.02416236884891987,18.0,0.004850537516176701,-0.0074592591263353825,-0.0010195220820605755,-0.05262323096394539,-0.12563392519950867,-0.010049305856227875,20.0,-0.0037729323375970125,-0.004835350438952446,-0.00033765952684916556,-0.2225862294435501,-0.2678983509540558,-0.013346794061362743,21.0,-0.006723281927406788,-0.008395503275096416,-0.00011701754556270316,-0.07840073853731155,-0.055490341037511826,-0.04940271005034447,22.0,-0.00015466428885702044,-0.012496249750256538,-0.0003470623050816357,-0.10355197638273239,-0.1286185085773468,-0.042144037783145905
1685054327133404600,0,54327.1328125,1.0,0.0,0.0,0.0,0.0,0.0,0.0,16.0,0.008023278787732124,0.008369684219360352,-0.002285777358338237,0.137514129281044,0.6584169864654541,-0.21042105555534363,17.0,0.014822005294263363,-0.008849583566188812,-0.00196566479280591,-0.008534688502550125,0.007524256128817797,-0.024705195799469948,18.0,0.005445382092148066,-0.008917572908103466,-0.0011060955002903938,-0.06389812380075455,-0.007344833109527826,-0.04970896616578102,20.0,-0.004531810060143471,-0.00394399045035243,-0.0007503962842747569,-0.19359058141708374,-0.014687644317746162,-0.041820015758275986,21.0,-0.007096404209733009,-0.008503694087266922,-0.0005502786953002214,-0.11579910665750504,-0.00033643635106272995,-0.05129696801304817,22.0,-0.0008722278871573508,-0.011685630306601524,-0.0009038751595653594,-0.11435897648334503,0.013238034211099148,-0.05666271224617958
1685054327143248000,0,54327.14453125,1.0,0.0,0.0,0.0,0.0,0.0,0.0,16.0,0.009708281606435776,0.005144547205418348,-0.0025602588430047035,0.13416171073913574,-0.2788635790348053,-0.057409416884183884,17.0,0.01245118211954832,-0.007938461378216743,-0.0020889523439109325,-0.03668682277202606,-0.03228335082530975,-0.022456657141447067,18.0,0.00493964459747076,-0.010165034793317318,-0.0014424388064071536,-0.08753602206707001,-0.08328773081302643,-0.07497340440750122,20.0,-0.005588611587882042,-0.00042801551171578467,-0.0008014364866539836,-0.23146723210811615,0.20253263413906097,-0.01834998093545437,21.0,-0.007713302969932556,-0.0077831801027059555,-0.0006151386187411845,-0.105819933116436,-0.0780022144317627,-0.06563298404216766,22.0,-0.0014204233884811401,-0.011869885958731174,-0.0012612083228304982,-0.11253926157951355,-0.08461908251047134,-0.05164654180407524
1685054327153216900,0,54327.15234375,1.0,0.0,0.0,0.0,0.0,0.0,0.0,16.0,0.009723011404275894,0.0008060726686380804,-0.0013117833295837045,0.08168482780456543,-0.30376848578453064,0.09310942143201828,17.0,0.0114112114533782,-0.007090600207448006,-0.0010294439271092415,0.013603778555989265,0.08374565094709396,-0.0019577101338654757,18.0,0.0036158417351543903,-0.010870326310396194,-0.0012046615593135357,-0.01942935585975647,-0.0023225729819387197,-0.02146019972860813,20.0,-0.006678498815745115,-0.0001873993023764342,-0.0002304677473148331,-0.1333407312631607,0.005831565707921982,0.035923223942518234,21.0,-0.008960717357695103,-0.00749666802585125,-3.244891559006646e-05,-0.014396789483726025,-0.041376665234565735,0.03519175574183464,22.0,-0.00208665756508708,-0.01181717962026596,-0.0013092163717374206,-0.01362043246626854,0.011366093531250954,-0.0370553620159626
1685054327158120200,0,54327.15625,1.0,0.0,0.0,0.0,0.0,0.0,0.0,16.0,0.009263779036700726,0.0011916097719222307,-0.0008437323267571628,-0.012294636107981205,0.14956678450107574,0.02688523568212986,17.0,0.01051243394613266,-0.008346499875187874,-0.00042776865302585065,-0.0838237926363945,0.10866612941026688,0.022053468972444534,18.0,0.002101609017699957,-0.010984860360622406,-0.0006013629608787596,-0.09596503525972366,0.09837962687015533,0.016569968312978745,20.0,-0.008097855374217033,0.00023671179951634258,0.00042620516614988446,-0.2253890335559845,0.07156573235988617,0.0472298339009285,21.0,-0.008075556717813015,-0.007743800990283489,0.0004715682880487293,-0.056102607399225235,0.03877370432019234,0.042973265051841736,22.0,-0.0022728557232767344,-0.011540484614670277,-0.0008535849046893418,-0.06186731904745102,0.053960949182510376,0.006978102959692478
1685054327173791800,0,54327.171875,1.0,0.0,0.0,0.0,0.0,0.0,0.0,16.0,0.005578667391091585,-0.0002922034473158419,-0.00019584149413276464,-0.3995760381221771,-0.006129915360361338,0.057524118572473526,17.0,0.010758989490568638,-0.008450504392385483,-0.00022243322746362537,-0.05136881023645401,0.11812315136194229,0.020730052143335342,18.0,0.0016738985432311893,-0.012050364166498184,0.00023550598416477442,-0.10509101301431656,0.030397741124033928,0.05425659939646721,20.0,-0.006332969292998314,-0.0010059260530397296,0.0002991551882587373,0.06265544146299362,-0.0307502131909132,-0.02470926009118557,21.0,-0.008673544973134995,-0.00739515945315361,0.0004979267832823098,-0.11388477683067322,0.09357143938541412,-0.005813025403767824,22.0,-0.0019049940165132284,-0.012180941179394722,-0.00021394577925093472,-0.059844549745321274,0.03853745013475418,0.029008589684963226
1685054327183190000,0,54327.18359375,1.0,0.0,0.0,0.0,0.0,0.0,0.0,16.0,0.004906397312879562,-0.0004588474694173783,-0.0006086077773943543,-0.18808448314666748,0.02023983560502529,-0.03917209804058075,17.0,0.010331246070563793,-0.009273349307477474,-0.0006200800999067724,-0.10693490505218506,0.0967448279261589,-0.0012403067667037249,18.0,0.001642368733882904,-0.012431477196514606,0.00014814719907008111,-0.12915603816509247,0.04222430661320686,-0.025060078129172325,20.0,-0.007211277727037668,0.001276281545870006,0.0007491748547181487,-0.2274509221315384,0.2547875940799713,0.03869131952524185,21.0,-0.007254390046000481,-0.009337913244962692,0.0008182489546015859,-0.0224953331053257,-0.07147267460823059,-0.01775320991873741,22.0,-0.002087965374812484,-0.012878520414233208,-8.534184598829597e-05,-0.1509980410337448,0.0103231156244874,-0.014546193182468414
1685054327193195800,0,54327.19140625,1.0,0.0,0.0,0.0,0.0,0.0,0.0,16.0,0.006243123207241297,-0.0005282472702674568,-0.0010525794932618737,0.09806939214468002,-0.10399004817008972,-0.03757697716355324,17.0,0.009936681017279625,-0.009132917039096355,-0.0009133666171692312,-0.02670801430940628,-0.06282283365726471,0.030503947287797928,18.0,0.0015329030575230718,-0.012831692583858967,0.0004852649290114641,-0.009153574705123901,-0.0791957676410675,0.029659096151590347,20.0,-0.008417940698564053,-9.630185377318412e-05,0.001073759631253779,-0.14048318564891815,-0.20929858088493347,0.02669690176844597,21.0,-0.00676591694355011,-0.009419415146112442,0.001020575873553753,0.04566362500190735,-0.03814559429883957,0.06724667549133301,22.0,-0.001191771007142961,-0.013727769255638123,0.00016097848128993064,0.07894326746463776,-0.12174500524997711,-0.0019601231906563044
1685054327204083800,0,54327.203125,1.0,0.0,0.0,0.0,0.0,0.0,0.0,16.0,0.007906925864517689,0.0005129271885380149,-0.0012121469480916858,0.20435285568237305,0.07111409306526184,-0.013517213054001331,17.0,0.008502441458404064,-0.008229902945458889,-0.0007747856434434652,0.00585198774933815,-0.03623512387275696,0.0548694021999836,18.0,0.0011722922790795565,-0.013569359667599201,0.0008006635471247137,0.044507816433906555,-0.018756739795207977,0.035229023545980453,20.0,-0.007430289871990681,-0.0006518216687254608,0.0016442155465483665,0.14839982986450195,-0.06341473758220673,0.06549360603094101,21.0,-0.0065762875601649284,-0.007937495596706867,0.0016342013841494918,-0.10015136003494263,-0.08658509701490402,0.04122781753540039,22.0,-0.00039078210829757154,-0.013832720927894115,0.0012610425474122167,-0.03064737655222416,0.035660531371831894,0.10271630436182022
1685054327213229700,0,54327.21484375,1.0,0.0,0.0,0.0,0.0,0.0,0.0,16.0,0.011125356890261173,0.0013836739817634225,-0.0025233582127839327,0.34612739086151123,-0.04232931137084961,-0.1284092366695404,17.0,0.0073217046447098255,-0.007346343714743853,-0.0016743674641475081,0.020498301833868027,-0.1637347936630249,0.0167966578155756,18.0,0.00010199953248957172,-0.014031483791768551,0.000902663916349411,0.0041710142977535725,-0.1522728055715561,0.027195528149604797,20.0,-0.007456641644239426,-0.0002999808930326253,0.002189671155065298,0.0025152419693768024,-0.07993083447217941,0.06803468614816666,21.0,-0.007111988961696625,-0.00741972029209137,0.0022145009133964777,0.04207252338528633,-0.12568631768226624,0.03935261070728302,22.0,0.0002580404398031533,-0.013899636454880238,0.0012883509043604136,0.015089153312146664,-0.13052284717559814,0.00023522153787780553
1685054327223311300,0,54327.22265625,1.0,0.0,0.0,0.0,0.0,0.0,0.0,16.0,0.013723042793571949,-0.00019139789219480008,-0.003367519937455654,0.3192582130432129,-0.12999477982521057,-0.09225737303495407,17.0,0.004897729959338903,-0.006148817483335733,-0.0022030482068657875,-0.030723407864570618,-0.045214127749204636,-0.0053931670263409615,18.0,-0.001643851981498301,-0.013803134672343731,0.0004655568627640605,0.008191023021936417,-0.021904975175857544,-0.019577354192733765,20.0,-0.005638673901557922,0.0008013120968826115,0.0026065625716000795,0.17793501913547516,0.14317189157009125,0.06278401613235474,21.0,-0.008335374295711517,-0.008085870184004307,0.0028528166003525257,-0.0132766617462039,0.09514126181602478,0.08591727167367935,22.0,-0.00041400286136195064,-0.013979686424136162,0.001806332846172154,-0.0189394261687994,0.03202376142144203,0.049602657556533813
1685054327233705400,0,54327.234375,1.0,0.0,0.0,0.0,0.0,0.0,0.0,16.0,0.014825794845819473,0.0011989139020442963,-0.004826330114156008,0.19832168519496918,0.09148813039064407,-0.166903555393219,17.0,0.0023250370286405087,-0.005110232159495354,-0.003292711218819022,-0.09146005660295486,-0.04965472221374512,-0.018956022337079048,18.0,-0.0039032972417771816,-0.01279932539910078,0.0005155943217687309,-0.028881918638944626,-0.020712878555059433,0.03537784889340401,20.0,-0.005984616465866566,0.000624697539024055,0.0023204886820167303,-0.05775294452905655,-0.04255755618214607,-0.0036568150389939547,21.0,-0.008104235865175724,-0.006653403863310814,0.0025173150934278965,-0.05734941363334656,-0.011061718687415123,-0.04685425013303757,22.0,-0.0005771888536401093,-0.01349320262670517,0.0019261218840256333,0.003621449461206794,-0.015064255334436893,0.014355581253767014
1685054327243233800,0,54327.2421875,1.0,0.0,0.0,0.0,0.0,0.0,0.0,16.0,0.017573878169059753,0.0029101951513439417,-0.00586224440485239,0.4111157953739166,0.17493833601474762,-0.1384272575378418,17.0,-0.0017932819901034236,-0.005426750518381596,-0.003557800780981779,-0.12906484305858612,-0.07726887613534927,0.028779353946447372,18.0,-0.006884791888296604,-0.01180720143020153,0.00023541135306004435,-0.03156404197216034,0.03653475269675255,0.007704112213104963,20.0,-0.005032163579016924,0.0022089541889727116,0.0020997857209295034,0.057888876646757126,0.18084481358528137,0.007173970807343721,21.0,-0.008879545144736767,-0.006356063764542341,0.00242562685161829,-0.0770813599228859,0.023091500625014305,-0.0018695960752665997,22.0,-0.001201771548949182,-0.012911824509501457,0.002384110353887081,-0.02712816372513771,0.04326383024454117,0.05898423120379448
1685054327253218200,0,54327.25390625,1.0,0.0,0.0,0.0,0.0,0.0,0.0,16.0,0.018619036301970482,0.0036917710676789284,-0.006605631671845913,0.42460283637046814,0.01572294533252716,-0.11937849223613739,17.0,-0.006220933981239796,-0.005311436951160431,-0.003730648895725608,-0.06269863247871399,-0.05764056742191315,0.05166374891996384,18.0,-0.01072927936911583,-0.011404531076550484,0.0006621892680414021,0.021416155621409416,-0.04122435301542282,0.0842536985874176,20.0,-0.007213844917714596,0.004239974543452263,0.0033574537374079227,-0.15058307349681854,0.16066737473011017,0.1570998877286911,21.0,-0.007944832555949688,-0.007019564043730497,0.003492444520816207,0.05154332518577576,0.08537924289703369,0.14158767461776733,22.0,-0.0019129582215100527,-0.013168376870453358,0.0032420437783002853,0.007076187990605831,-0.0463009774684906,0.10963381826877594
1685054327263385100,0,54327.26171875,1.0,0.0,0.0,0.0,0.0,0.0,0.0,16.0,0.018152687698602676,0.0030976696871221066,-0.0058908769860863686,0.19760160148143768,0.026109972968697548,0.021198684349656105,17.0,-0.011726106517016888,-0.006637068465352058,-0.002473636996001005,-0.1162063255906105,-0.026813795790076256,0.057070087641477585,18.0,-0.01502116397023201,-0.011843123473227024,0.0008580301655456424,-0.08147984743118286,0.01677977293729782,0.06240033730864525,20.0,-0.00833476148545742,0.0018316336208954453,0.0037141835782676935,-0.17829474806785583,-0.12422766536474228,0.07463330775499344,21.0,-0.006525021977722645,-0.00660926615819335,0.003655719105154276,-0.05292364954948425,0.039757709950208664,0.04172491282224655,22.0,-0.0016281995922327042,-0.013528474606573582,0.003329344093799591,-0.05386132746934891,0.009988400153815746,0.041437823325395584
1685054327273155000,0,54327.2734375,1.0,0.0,0.0,0.0,0.0,0.0,0.0,16.0,0.005912687163800001,-0.00048255012370646,-0.0011189645156264305,-0.8659696578979492,-0.2592364251613617,0.44126811623573303,17.0,-0.009916885755956173,-0.007156926207244396,0.0007858351455070078,-0.07560490816831589,0.15341320633888245,0.07081877440214157,18.0,-0.016278287395834923,-0.011989220976829529,0.0008948711329139769,0.03544994443655014,0.07199379801750183,0.04439639300107956,20.0,-0.006152388174086809,0.0035711813252419233,0.004358734004199505,0.2539730966091156,0.32042884826660156,0.11005496233701706,21.0,-0.007153295446187258,-0.0076035079546272755,0.0045159668661653996,0.12678667902946472,0.15444250404834747,0.07229843735694885,22.0,-0.0019357262644916773,-0.013887149281799793,0.0036665357183665037,0.044883206486701965,0.06628834456205368,0.0662425309419632
1685054327286746600,0,54327.28515625,1.0,0.0,0.0,0.0,0.0,0.0,0.0,16.0,-0.003947373945266008,0.0034351057838648558,0.00021598776220344007,-0.9569793343544006,0.37922629714012146,0.1339854896068573,17.0,-0.006112355273216963,-0.013239355757832527,0.0013852196279913187,-0.089136503636837,0.023165786638855934,0.010760359466075897,18.0,-0.014447272755205631,-0.013875739648938179,0.0008943326538428664,-0.10316794365644455,-0.017662085592746735,0.030151242390275,20.0,-0.004890508018434048,0.0002490211045369506,0.0036253558937460184,-0.00046225765254348516,-0.2638743817806244,-0.02835850603878498,21.0,-0.0069122714921832085,-0.006172738969326019,0.003815587842836976,-0.004679935518652201,0.05560417100787163,-0.03163939341902733,22.0,-0.0022535447496920824,-0.01386529766023159,0.0038730998057872057,-0.10537321865558624,-0.014770028181374073,0.05405614897608757
1685054327300133200,0,54327.30078125,1.0,0.0,0.0,0.0,0.0,0.0,0.0,16.0,0.00470062205567956,-0.005615396425127983,-0.001301489770412445,0.3744598627090454,-0.6300262808799744,-0.019009314477443695,17.0,-0.01749997027218342,-0.009753826074302197,0.0010945984395220876,-0.021782126277685165,0.08158040046691895,-0.04216402396559715,18.0,-0.013947752304375172,-0.0158670824021101,-0.0010137237841263413,-0.01271139271557331,0.07181970775127411,-0.08637365698814392,20.0,-0.0033537677954882383,-0.0032051189336925745,0.0018073056126013398,0.047567181289196014,-0.12276137620210648,-0.09119576960802078,21.0,-0.005327442195266485,-0.005181454587727785,0.0019587320275604725,0.040599387139081955,0.05825415998697281,-0.059801824390888214,22.0,-0.002931911963969469,-0.01313927210867405,0.0022202564869076014,-0.027470963075757027,0.0820779800415039,-0.05143113061785698
1685054327309833300,0,54327.30859375,1.0,0.0,0.0,0.0,0.0,0.0,0.0,16.0,0.00609284033998847,-0.0057129147462546825,-0.0033285741228610277,-0.05686177685856819,-0.14615507423877716,-0.2190234363079071,17.0,-0.01686716079711914,-0.007212868891656399,-0.0009994945721700788,-0.0027822323609143496,-0.11690092831850052,-0.15514600276947021,18.0,-0.014622836373746395,-0.015032055787742138,-0.0015880567952990532,-0.006513500586152077,-0.09509345889091492,-0.13341407477855682,20.0,-0.0029806061647832394,-0.0028900778852403164,0.0005488861352205276,0.032962117344141006,-0.04590820148587227,-0.19085633754730225,21.0,-0.004837336018681526,-0.004904009401798248,0.0006927730864845216,-0.03704347088932991,-0.11401423066854477,-0.17701463401317596,22.0,-0.0032720891758799553,-0.012303623370826244,0.0012993431882932782,-0.0601145438849926,-0.05487179011106491,-0.1438951939344406
1685054327319709500,0,54327.3203125,1.0,0.0,0.0,0.0,0.0,0.0,0.0,16.0,0.008107407949864864,-0.002312667202204466,-0.004957267083227634,0.1587359756231308,0.22034378349781036,-0.19142936170101166,17.0,-0.01511912327259779,-0.0058777062222361565,-0.0024695787578821182,0.011352920904755592,-0.028302224352955818,-0.11387617141008377,18.0,-0.015882086008787155,-0.013388922438025475,-0.0018733807373791933,0.028836335986852646,0.010021839290857315,-0.10225452482700348,20.0,-0.004329273942857981,-0.001266819192096591,0.0003885936748702079,-0.013902340084314346,0.11233854293823242,-0.10447988659143448,21.0,-0.004141307435929775,-0.005664136726409197,0.0004128678410779685,0.08308162540197372,0.04664486646652222,-0.11669337004423141,22.0,-0.003754248609766364,-0.011653793044388294,0.0008728696848265827,0.03583543375134468,0.015943657606840134,-0.11056676506996155
1685054327330414800,0,54327.328125,1.0,0.0,0.0,0.0,0.0,0.0,0.0,16.0,0.008311531506478786,-0.00252584763802588,-0.005444435868412256,-0.024693859741091728,-0.1010836660861969,-0.08125771582126617,17.0,-0.014807810075581074,-0.0035533371847122908,-0.0031022392213344574,-0.01193483266979456,-0.021943705156445503,-0.11599462479352951,18.0,-0.016504082828760147,-0.01159286592155695,-0.0025843693874776363,0.0011423130054026842,0.005915139801800251,-0.12905609607696533,20.0,-0.0039109098725020885,-0.0003457452985458076,0.0003176957543473691,0.1086198166012764,0.07945989072322845,-0.10015231370925903,21.0,-0.003045788500458002,-0.004932630807161331,0.00029773011920042336,0.026843296363949776,0.0771980881690979,-0.1281546950340271,22.0,-0.0036668486427515745,-0.011447848752140999,0.0009322616970166564,0.022599201649427414,0.023855267092585564,-0.06303270161151886
1685054327349859900,0,54327.34765625,1.0,0.0,0.0,0.0,0.0,0.0,0.0,16.0,0.0053512658923864365,-0.005746521521359682,-0.003930643200874329,-0.18391717970371246,-0.40073251724243164,0.13357219099998474,17.0,-0.012736806645989418,-0.0009699956863187253,-0.0024140423629432917,0.22070012986660004,0.0040507991798222065,0.031039271503686905,18.0,-0.01641492173075676,-0.008550367318093777,-0.0021785853896290064,0.11134149134159088,0.04082523286342621,0.010994158685207367,20.0,-0.0037181817460805178,0.0009553895797580481,0.0016148480353876948,0.13797524571418762,0.147248312830925,0.09006916731595993,21.0,-0.002554655773565173,-0.005511504597961903,0.0015914341202005744,0.18418289721012115,0.027182336896657944,-0.011082436889410019,22.0,-0.0037548979744315147,-0.011683495715260506,0.0015261027729138732,0.175209641456604,0.017117256298661232,-0.028534630313515663
1685054327350264800,0,54327.3515625,1.0,0.0,0.0,0.0,0.0,0.0,0.0,16.0,0.0036195821594446898,-0.0040916092693805695,-0.0031839977018535137,-0.13645799458026886,0.0762568935751915,0.07387159019708633,17.0,-0.011469668708741665,6.97764044161886e-05,-0.0019229586469009519,0.10992291569709778,0.1323128193616867,0.06280874460935593,18.0,-0.015656551346182823,-0.0055235764011740685,-0.0019866731017827988,0.05536044016480446,0.1139012947678566,0.004954005591571331,20.0,-0.0030040033161640167,0.0016258477699011564,0.00267074815928936,0.1323646754026413,0.12395972013473511,0.07022831588983536,21.0,-0.0018379271496087313,-0.004840612877160311,0.0026480599772185087,0.14209838211536407,0.1354791671037674,0.05801427364349365,22.0,-0.004633541218936443,-0.01092818658798933,0.002919351914897561,-0.025911925360560417,0.16387271881103516,0.07999163866043091
1685054327370172500,0,54327.37109375,1.0,0.0,0.0,0.0,0.0,0.0,0.0,16.0,0.0025743874721229076,-0.0017986791208386421,-0.0009032427333295345,0.15304072201251984,0.20224227011203766,0.06122187152504921,17.0,-0.012707162648439407,-0.0017337414901703596,0.0006262830574996769,0.18536494672298431,-0.0913136750459671,0.06282912194728851,18.0,-0.016564510762691498,-0.003393766703084111,9.75202492554672e-05,0.16510511934757233,-0.013629703782498837,0.05702420696616173,20.0,-0.0017356047173961997,-0.002632379764690995,0.0039039687253534794,0.24719387292861938,-0.19649717211723328,0.04901878535747528,21.0,-0.0011358674382790923,-0.004515514709055424,0.003879894968122244,0.2761336863040924,-0.04656890407204628,0.047972261905670166,22.0,-0.004237014334648848,-0.01106242649257183,0.004856389947235584,0.21294860541820526,-0.08129066973924637,0.06937175244092941
1685054327390391300,0,54327.390625,1.0,0.0,0.0,0.0,0.0,0.0,0.0,16.0,-0.0006604523514397442,0.003593106521293521,-0.0010874440195038915,-0.18400068581104279,0.5420645475387573,0.01701565831899643,17.0,-0.011308775283396244,-0.0031943193171173334,0.0003775015356950462,0.14538085460662842,0.16262656450271606,0.030408937484025955,18.0,-0.01624760963022709,-0.0033149009104818106,0.00041734991827979684,0.13358908891677856,0.17677927017211914,0.03734918311238289,20.0,-0.0017192631494253874,-0.0025771879591047764,0.004006198141723871,0.11527090519666672,0.06944714486598969,0.05513349920511246,21.0,0.0007973808096721768,-0.0032478137873113155,0.003840530989691615,0.24183839559555054,0.2702026069164276,0.07949186861515045,22.0,-0.004196154419332743,-0.008977704681456089,0.005191055126488209,0.06626684963703156,0.23299725353717804,0.08885005116462708
1685054327397929600,0,54327.3984375,1.0,0.0,0.0,0.0,0.0,0.0,0.0,16.0,-0.0021864804439246655,0.0035388553515076637,-0.001772242016158998,-0.10109703987836838,-0.04462580010294914,-0.05023578926920891,17.0,-0.010220043361186981,-0.003471927484497428,-0.0005546753527596593,0.081866554915905,-0.012040792964398861,-0.0477696917951107,18.0,-0.015433154068887234,-0.00413083378225565,-4.2640465835575014e-05,0.08956854790449142,0.00016738800331950188,-0.04797740653157234,20.0,-0.0005056823720224202,-0.0032143229618668556,0.0032405199017375708,0.1301846206188202,-0.142808198928833,-0.03458816930651665,21.0,0.0028553211595863104,-0.002362797735258937,0.003003820078447461,0.19266170263290405,-0.02733401395380497,-0.057054709643125534,22.0,-0.0034864346962422132,-0.007801004685461521,0.0037333089858293533,0.05784635618329048,-0.011526490561664104,-0.08792635798454285
1685054327410829200,0,54327.41015625,1.0,0.0,0.0,0.0,0.0,0.0,0.0,16.0,-0.0008303063223138452,-0.0005964199081063271,-0.0029242795426398516,-0.03251999244093895,0.01770949363708496,-0.10591402649879456,17.0,-0.010396111756563187,-0.001458715763874352,-0.001903667813166976,0.034137062728405,0.08948887884616852,-0.0701369121670723,18.0,-0.0156409814953804,-0.0038058371283113956,-0.0015155886067077518,-0.01793650910258293,0.08558344095945358,-0.1394926756620407,20.0,0.0013009016402065754,-0.0027384869754314423,0.0015154806897044182,0.0029552753549069166,-0.03440151736140251,-0.10020052641630173,21.0,0.006369910202920437,-0.0006574014551006258,0.0011523665161803365,0.013859898783266544,0.041523005813360214,-0.12163056433200836,22.0,-0.0008983666193671525,-0.004658907186239958,0.00135194999165833,0.013769710436463356,0.07270272076129913,-0.11511541903018951
1685054327421520200,0,54327.421875,1.0,0.0,0.0,0.0,0.0,0.0,0.0,16.0,0.00031173875322565436,-0.0038593087811022997,-0.0023536602966487408,0.11836625635623932,-0.3025422990322113,0.02430984377861023,17.0,-0.011742107570171356,-2.5637530143285403e-06,-0.0013504918897524476,-0.027876418083906174,0.07935020327568054,-0.037051841616630554,18.0,-0.01658262126147747,-0.002757464535534382,-0.001241767080500722,-0.02687404677271843,0.08838947117328644,-0.004249467980116606,20.0,0.0035017861519008875,-0.0013379991287365556,0.0007821317412890494,0.139120951294899,0.10377386212348938,-0.0582038052380085,21.0,0.007846100255846977,5.0170448957942426e-05,0.00047491517034359276,0.0369693860411644,0.05381546914577484,-0.007944081909954548,22.0,0.0005670081009157002,-0.004417506977915764,-0.00019856233848258853,0.015712250024080276,0.010881384834647179,-0.1359948366880417
1685054327440930700,0,54327.44140625,1.0,0.0,0.0,0.0,0.0,0.0,0.0,16.0,-0.003209380665794015,-0.0038714928086847067,-0.0015621092170476913,-0.0888345018029213,0.06807395070791245,0.03723856434226036,17.0,-0.014885387383401394,-0.0004995338968001306,-0.0005655408604070544,0.012037660926580429,0.10946114361286163,0.027498627081513405,18.0,-0.019190479069948196,-0.0026579650584608316,-0.0012977138394489884,0.006050433032214642,0.1218106746673584,-0.0547516793012619,20.0,0.006230836268514395,-0.00021658041805494577,0.000414845475461334,0.14643503725528717,0.18002700805664062,-0.019471831619739532,21.0,0.010575768537819386,0.0011702653719112277,0.00010824434139067307,0.011291328817605972,0.08052484691143036,0.009078764356672764,22.0,0.001286233658902347,-0.0034294885117560625,0.0001960012159543112,0.004032683093100786,0.190641850233078,0.049916401505470276
1685054327441588300,0,54327.44140625,1.0,0.0,0.0,0.0,0.0,0.0,0.0,16.0,-0.005948987789452076,-0.0034584570676088333,-0.00016798131400719285,-0.0464911013841629,0.14050845801830292,0.11246123909950256,17.0,-0.01723889820277691,-0.002264258451759815,0.0009189402917400002,-0.02913225069642067,0.022486945614218712,0.007995134219527245,18.0,-0.021368825808167458,-0.0026433351449668407,-0.00018944722251035273,0.05320325866341591,0.13511429727077484,0.053152766078710556,20.0,0.006939723622053862,0.00041385559597983956,0.0009508352377451956,0.11159654706716537,0.19589859247207642,0.06721612811088562,21.0,0.012866558507084846,0.000456504087196663,0.0005498562240973115,0.010851932689547539,0.09321918338537216,0.04236367344856262,22.0,0.0025364316534250975,-0.0035988970194011927,0.000243475689785555,0.07974258065223694,0.1529092937707901,0.008162419311702251
1685054327460877300,0,54327.4609375,1.0,0.0,0.0,0.0,0.0,0.0,0.0,16.0,-0.010918048210442066,-0.004649189300835133,0.0012864312157034874,-0.4888935983181,0.017253808677196503,0.10164543241262436,17.0,-0.016565807163715363,-0.0049507468938827515,0.0018834347138181329,-0.0809212401509285,0.08835538476705551,-0.03055172972381115,18.0,-0.021806230768561363,-0.003198660910129547,0.00013745669275522232,-0.0515727624297142,0.14116670191287994,-0.06015954539179802,20.0,0.007533600088208914,-0.001065565156750381,0.0012293255422264338,0.032795634120702744,0.0602666474878788,-0.011147130280733109,21.0,0.012853743508458138,-0.0013234114740043879,0.0008726310334168375,-0.06124148517847061,0.10441749542951584,0.0003250080335419625,22.0,0.003162383334711194,-0.004539779853075743,0.00020745873916894197,-0.05709724873304367,0.10751045495271683,-0.008179038763046265
1685054327461126200,0,54327.4609375,1.0,0.0,0.0,0.0,0.0,0.0,0.0,16.0,-0.01570024900138378,-0.0030608291272073984,0.0013366421917453408,-0.6149653196334839,0.15648730099201202,-0.004017690196633339,17.0,-0.012582875788211823,-0.006282489281147718,0.0012032038066536188,-0.09756387770175934,0.04275781288743019,-0.034280553460121155,18.0,-0.019494062289595604,-0.0032894916366785765,0.0005889277090318501,-0.04296265169978142,0.08921021968126297,-0.010696779005229473,20.0,0.007725407835096121,-0.0014435546472668648,0.0009096779976971447,0.04844953492283821,0.02553500421345234,-0.023646356537938118,21.0,0.013045658357441425,-0.0017027824651449919,0.0005535769741982222,-0.05739773437380791,0.03500111401081085,-0.07791798561811447,22.0,0.004216706845909357,-0.004149146843701601,-0.0008971469360403717,-0.05026062950491905,0.10598823428153992,-0.11076673120260239
1685054327490782900,0,54327.48828125,1.0,0.0,0.0,0.0,0.0,0.0,0.0,16.0,-0.011422103270888329,-0.006045320071280003,0.0015066182240843773,0.20090076327323914,-0.2501522898674011,-0.034314315766096115,17.0,-0.01171052921563387,-0.005714113358408213,0.0015170811675488949,-0.005445292219519615,0.030597779899835587,-0.08043067157268524,18.0,-0.017320292070508003,-0.003967309836298227,0.000694365706294775,-0.049864087253808975,0.02613730914890766,-0.08354400098323822,20.0,0.008384276181459427,-0.002745051169767976,0.0005829579895362258,0.15925663709640503,-0.05244683846831322,-0.06371387094259262,21.0,0.010949451476335526,-0.0035539912059903145,0.00041755379061214626,-0.0037959960754960775,0.0309012271463871,-0.08516663312911987,22.0,0.004170806147158146,-0.005284224636852741,-0.0002951944770757109,-0.02249104157090187,0.039705339819192886,-0.007295405492186546
1685054327491191800,0,54327.48828125,1.0,0.0,0.0,0.0,0.0,0.0,0.0,16.0,-0.009411124512553215,-0.00653752451762557,0.00123018107842654,0.008870185352861881,-0.05878691002726555,-0.07268395274877548,17.0,-0.008383343927562237,-0.004468659404665232,0.0010048146359622478,0.038906361907720566,0.07567671686410904,-0.04779855161905289,18.0,-0.014657741412520409,-0.0032440272625535727,0.0005552757065743208,0.009934633038938046,0.08157132565975189,-0.0962984710931778,20.0,0.0086594857275486,-0.004235057160258293,8.718715253053233e-05,0.17230692505836487,-0.11922504007816315,-0.08356451243162155,21.0,0.008342048153281212,-0.0024287395644932985,9.241195948561653e-05,0.0068387617357075214,0.036538392305374146,-0.06357767432928085,22.0,0.0026869371067732573,-0.004920399747788906,-0.00015536609862465411,-0.003385046496987343,0.09128239750862122,-0.05031676962971687
1685054327504845600,0,54327.50390625,1.0,0.0,0.0,0.0,0.0,0.0,0.0,16.0,-0.009156137704849243,-0.009820851497352123,0.001769277616403997,-0.03894142061471939,-0.29436177015304565,0.023159341886639595,17.0,-0.00841027032583952,-0.0025244541466236115,0.0012715448392555118,0.06986355036497116,0.0028504387009888887,-0.02571682073175907,18.0,-0.011544720269739628,-0.0007425836520269513,0.0005375499604269862,0.009643607772886753,0.0870128944516182,-0.04098961874842644,20.0,0.0072480919770896435,-0.0037326845340430737,0.00013281461724545807,0.0007030239794403315,0.045156329870224,-0.006207284051924944,21.0,0.006814190186560154,-0.0018820456461980939,0.00014553377695847303,0.03320201858878136,0.0814410075545311,-0.05330920219421387,22.0,0.0012143204221501946,-0.00411605928093195,-0.00047581380931660533,0.028125109151005745,0.09604733437299728,-0.06858093291521072
1685054327511763400,0,54327.51171875,1.0,0.0,0.0,0.0,0.0,0.0,0.0,16.0,-0.008099165745079517,-0.009064927697181702,0.001730468007735908,-0.07059049606323242,0.07420337945222855,0.0007218157406896353,17.0,-0.007351304870098829,-0.0017688493244349957,0.0012336252257227898,-0.019627002999186516,0.0458957813680172,0.011635355651378632,18.0,-0.009764648042619228,0.000785708543844521,0.0006914192927069962,-0.04261046275496483,0.0973685011267662,-0.007654780056327581,20.0,0.006841697730123997,-0.00649847649037838,5.732733916374855e-05,-0.07992777973413467,-0.11845509707927704,-0.018826842308044434,21.0,0.007075781933963299,-0.0012833609944209456,-4.416036517795874e-06,-0.0253339521586895,0.11893691122531891,-0.002360968617722392,22.0,0.001075112260878086,-0.004199027083814144,-0.00011983756121480837,-0.05306528881192207,0.14908017218112946,0.02384134940803051
1685054327512266600,0,54327.51171875,1.0,0.0,0.0,0.0,0.0,0.0,0.0,16.0,-0.005610714666545391,-0.008646899834275246,0.001847430132329464,0.12665744125843048,-0.07367280125617981,0.025739168748259544,17.0,-0.00654690433293581,-0.0003069185186177492,0.0014655302511528134,0.024014614522457123,-0.030291816219687462,0.01242027897387743,18.0,-0.009054102934896946,0.0024137431755661964,0.0015237845946103334,0.049919359385967255,0.06850157678127289,0.06420157104730606,20.0,0.006211213301867247,-0.006539737340062857,0.00036584390909411013,0.038065917789936066,0.05024777725338936,0.037116918712854385,21.0,0.006446479819715023,-0.0013246495509520173,0.0003044973418582231,0.04782385379076004,0.11702196300029755,0.025552354753017426,22.0,0.00042116589611396194,-0.004056236241012812,0.0002591151569504291,0.03598888963460922,0.11013252288103104,0.026473158970475197
1685054327521854800,0,54327.51953125,1.0,0.0,0.0,0.0,0.0,0.0,0.0,16.0,-0.00473964074626565,-0.006575262174010277,0.0010631222976371646,-0.01572714000940323,0.06634292751550674,-0.08044728636741638,17.0,-0.004838126245886087,0.0005467189475893974,0.0006658629281446338,0.06539975851774216,-0.04011329263448715,0.005740047432482243,18.0,-0.008867249824106693,0.0036767292767763138,0.0008025183924473822,-0.009693905711174011,0.03668327257037163,-0.09313100576400757,20.0,0.00552354147657752,-0.006467420142143965,0.00011722731142072007,0.041537392884492874,-0.05171054229140282,-0.0028283109422773123,21.0,0.005597617011517286,-0.0012193727307021618,6.691583257634193e-05,-0.03481775149703026,0.03975486010313034,-0.004387769848108292,22.0,-0.0009003570885397494,-0.003133856225758791,0.00011947657912969589,-0.003228425281122327,0.09255505353212357,-0.02150077372789383
1685054327541734100,0,54327.5390625,1.0,0.0,0.0,0.0,0.0,0.0,0.0,16.0,-0.00428819702938199,-0.009872270748019218,0.0022034719586372375,0.02695702388882637,-0.27026766538619995,0.0973302349448204,17.0,-0.003871989669278264,0.003128916257992387,0.0014200592413544655,0.10913866758346558,0.03853805735707283,-0.012966451235115528,18.0,-0.008204102516174316,0.007409659214317799,0.0007694626110605896,0.0033387874718755484,0.16214299201965332,-0.023457376286387444,20.0,0.005766864866018295,-0.005146425683051348,-0.0008312503341585398,0.10472075641155243,0.08053421229124069,-0.06834430247545242,21.0,0.004374053794890642,0.0005323381046764553,-0.0007860612240619957,-0.06649723649024963,0.022424716502428055,-0.026783762499690056,22.0,-0.0022215687204152346,-0.0008353018783964217,-0.0002818247303366661,0.005953239277005196,0.176987424492836,-0.02852543443441391
1685054327559780700,0,54327.55859375,1.0,0.0,0.0,0.0,0.0,0.0,0.0,16.0,-0.002868885640054941,-0.008058524690568447,0.0022411069367080927,0.0900188758969307,0.0639471784234047,-0.017635850235819817,17.0,-0.002453683177009225,0.004942904692143202,0.0014611996011808515,0.043706879019737244,0.046198610216379166,-0.05140296742320061,18.0,-0.008115800097584724,0.00811461266130209,0.0003990070254076272,-0.02960050478577614,0.07670260220766068,-0.05894822999835014,20.0,0.005854237359017134,-0.004307893104851246,-0.001530395238660276,0.07120967656373978,0.043402593582868576,-0.0580173097550869,21.0,0.002827188465744257,0.000961081706918776,-0.0013711735373362899,-0.1320030689239502,0.03542594611644745,-0.05502241477370262,22.0,-0.004343661013990641,0.0010424383217468858,-0.0006542503833770752,-0.1051817312836647,0.13073089718818665,-0.021961240097880363
1685054327560253300,0,54327.55859375,1.0,0.0,0.0,0.0,0.0,0.0,0.0,16.0,-0.0028717583045363426,-0.009194022975862026,0.00521905766800046,-0.007148704957216978,-0.05603991076350212,0.023771604523062706,17.0,0.0029932111501693726,0.015776392072439194,0.0032199861016124487,0.0873088389635086,0.01920250989496708,-0.07638658583164215,18.0,-0.0073400577530264854,0.012305867858231068,0.0012112206313759089,-0.0014649054501205683,0.08204253017902374,-0.10167276859283447,20.0,0.004140990320593119,-0.0039261626079678535,-0.0013788797659799457,-0.06179262325167656,-0.13423074781894684,-0.15153828263282776,21.0,0.0008309689001180232,0.0005472752382047474,-0.0011929423781111836,0.04964708909392357,-0.023546572774648666,-0.14177317917346954,22.0,-0.005190468858927488,0.002244418952614069,-0.0010066902032122016,0.02836807817220688,0.05765010043978691,-0.07791527360677719
1685054327569843900,0,54327.5703125,1.0,0.0,0.0,0.0,0.0,0.0,0.0,16.0,-0.005330991931259632,-0.012498308904469013,0.006817859131842852,-0.2757923901081085,-0.5541768074035645,0.22333894670009613,17.0,0.004580279346555471,0.020257579162716866,0.003987402189522982,0.06138673797249794,-0.09235695004463196,-0.05333861708641052,18.0,-0.005018366500735283,0.01883166842162609,0.001372392289340496,0.030725006014108658,-0.08147828280925751,-0.07213395833969116,20.0,0.004994625225663185,-0.005621174816042185,-0.0019698485266417265,0.1526692807674408,-0.25798356533050537,-0.09024182707071304,21.0,-0.0005257229204289615,0.00040207512211054564,-0.0016466999659314752,-0.012363783083856106,-0.09084732085466385,-0.07320600748062134,22.0,-0.006196971517056227,0.0027213802095502615,-0.0020337989553809166,-0.018403304740786552,-0.0272685457020998,-0.14035403728485107
1685054327580354600,0,54327.578125,1.0,0.0,0.0,0.0,0.0,0.0,0.0,16.0,-0.007302344311028719,-0.020966680720448494,0.007579460274428129,-0.3936954438686371,-1.0490587949752808,0.16170145571231842,17.0,0.008814074099063873,0.032472383230924606,0.003022342687472701,0.11131110042333603,0.054886799305677414,-0.08740608394145966,18.0,-0.0024592496920377016,0.02882450260221958,0.000374675786588341,-0.10298801958560944,0.09127355366945267,-0.13866965472698212,20.0,0.0020875942427664995,-0.0040857526473701,-0.002663393272086978,-0.3338422477245331,0.15414206683635712,-0.09073154628276825,21.0,0.0002171350352000445,1.870779124146793e-05,-0.002570458920672536,-0.007880491204559803,0.014896532520651817,-0.12908366322517395,22.0,-0.005815241020172834,0.0034198693465441465,-0.0026174152735620737,-0.03738872706890106,0.0863926112651825,-0.08675020188093185
1685054327610924000,0,54327.609375,1.0,0.0,0.0,0.0,0.0,0.0,0.0,16.0,-0.0014116228558123112,-0.005488094408065081,0.004132196772843599,-0.07004372030496597,0.5964137315750122,-0.24840956926345825,17.0,0.019284134730696678,0.022307252511382103,0.0005836989730596542,0.07019465416669846,0.06271032989025116,-0.024184785783290863,18.0,0.00403624540194869,0.039959680289030075,0.0010755695402622223,-0.006211916916072369,-0.030352266505360603,-0.05868685618042946,20.0,0.0026244018226861954,-0.008813775144517422,-0.0007750295335426927,0.07034692168235779,-0.2826171815395355,-0.022699886932969093,21.0,-0.0005839198711328208,0.0010521431686356664,-0.0006342562264762819,0.011555465869605541,-0.03078640066087246,-0.06474390625953674,22.0,-0.007062369491904974,0.004595911130309105,-0.0013703464064747095,-0.00742626516148448,0.03394735977053642,-0.002503559924662113
1685054327619782900,0,54327.6171875,1.0,0.0,0.0,0.0,0.0,0.0,0.0,16.0,-0.005811996757984161,-0.005707284435629845,0.004032530356198549,-0.5660722255706787,-0.05424181744456291,0.047110021114349365,17.0,0.01034583430737257,0.024999918416142464,0.0008197100250981748,-0.012061560526490211,0.26811280846595764,0.011755740270018578,18.0,0.0035395475570112467,0.03785566985607147,0.0009935734560713172,-0.024586398154497147,0.2272086888551712,0.01312242727726698,20.0,0.0035538803786039352,-0.005929530132561922,-0.0009443650487810373,0.1460573673248291,0.41376376152038574,0.014004449360072613,21.0,-0.0007219779072329402,0.0006908895447850227,-0.0007051058928482234,0.0394127257168293,0.20967723429203033,0.05084429681301117,22.0,-0.007844418287277222,0.0042495811358094215,-0.0010151667520403862,0.020277120172977448,0.22841764986515045,0.03767569735646248
1685054327629913800,0,54327.62890625,1.0,0.0,0.0,0.0,0.0,0.0,0.0,16.0,-0.010094539262354374,0.004008470103144646,0.002094321884214878,-0.3875975012779236,1.0041896104812622,-0.16038116812705994,17.0,0.007194371894001961,0.02565057948231697,-0.0007582528633065522,-0.18330758810043335,0.15889406204223633,0.005568547639995813,18.0,0.0014114567311480641,0.033787839114665985,0.0012447622139006853,0.04030396044254303,0.13079695403575897,0.04593638703227043,20.0,0.0038471207953989506,-0.004801826551556587,-0.0007819595630280674,-0.07268884032964706,0.17393290996551514,0.06699272245168686,21.0,0.0021129678934812546,0.0010791152017191052,-0.0007087386911734939,-0.05185163766145706,0.11880283802747726,0.07868208736181259,22.0,-0.005795279052108526,0.0048081642016768456,-0.00079789396841079,-0.02665633149445057,0.18537142872810364,0.05123964697122574
1685054327649780700,0,54327.6484375,1.0,0.0,0.0,0.0,0.0,0.0,0.0,16.0,-0.006154299713671207,0.013682846911251545,-0.0025017105508595705,0.5959425568580627,1.213770866394043,-0.369402676820755,17.0,0.009846817702054977,0.02091028355062008,-0.00448925094678998,-0.03918466717004776,0.07083079218864441,0.048058245331048965,18.0,-1.712700213829521e-05,0.02880297601222992,0.0016640060348436236,0.13285139203071594,0.02809225022792816,0.10823146253824234,20.0,0.003466986818239093,-0.00449023162946105,-0.00036227566306479275,0.1450587511062622,0.057092905044555664,0.1560746729373932,21.0,0.0032003168016672134,0.000961717392783612,-0.000384655490051955,0.16142794489860535,0.06688164919614792,0.1491789072751999,22.0,-0.004930808208882809,0.0038711330853402615,-0.0010927130933851004,0.1505492925643921,-0.007466557435691357,0.06565961986780167
1685054327650299600,0,54327.6484375,1.0,0.0,0.0,0.0,0.0,0.0,0.0,16.0,-0.002633928321301937,0.013941560871899128,-0.0038984958082437515,0.31209856271743774,0.38144949078559875,-0.21920496225357056,17.0,0.013360622338950634,0.021183794364333153,-0.005881383549422026,-0.22564397752285004,0.14288946986198425,0.06853538006544113,18.0,0.0001063779418473132,0.026137594133615494,0.0021512529347091913,-0.007140475790947676,0.21458971500396729,0.08618339896202087,20.0,0.002331852912902832,-0.004000519402325153,-0.0005109999910928309,-0.012730944901704788,0.0322771780192852,0.05239126458764076,21.0,0.0027546288911253214,0.003006323240697384,-0.000590700947213918,0.01368415541946888,0.17428074777126312,0.04375593736767769,22.0,-0.004279852844774723,0.005264893174171448,-0.0005818846402689815,0.07596811652183533,0.14187242090702057,0.09910374134778976
1685054327659910500,0,54327.66015625,1.0,0.0,0.0,0.0,0.0,0.0,0.0,16.0,0.003449319861829281,0.003883523168042302,-0.001112140598706901,0.6739155650138855,-0.6309484839439392,0.10208255052566528,17.0,0.014259226620197296,0.020804500207304955,-0.003049006685614586,-0.18094423413276672,0.0314435139298439,0.13270863890647888,18.0,0.0003532283299136907,0.024485617876052856,0.0033094510436058044,0.021870875731110573,0.018743932247161865,0.20008917152881622,20.0,-0.002909677801653743,-0.003684957744553685,9.58225064096041e-05,-0.29493948817253113,-0.09162938594818115,0.14102306962013245,21.0,0.0015404290752485394,0.00389862060546875,-0.0002592391974758357,0.05781129375100136,-0.155016228556633,0.1302003115415573,22.0,-0.004507248289883137,0.00603241054341197,0.0005021222168579698,0.10266295075416565,-0.06868014484643936,0.18239957094192505
1685054327670128400,0,54327.66796875,1.0,0.0,0.0,0.0,0.0,0.0,0.0,16.0,0.008053687401115894,-0.006508710328489542,0.002842118963599205,0.6112918853759766,-0.9334683418273926,0.285834938287735,17.0,0.010674940422177315,0.023997168987989426,0.0010724816238507628,-0.12571187317371368,-0.01695711724460125,0.1426086276769638,18.0,0.0003151115379296243,0.02474384196102619,0.003962157294154167,0.028354959562420845,-0.08998716622591019,0.16284388303756714,20.0,-0.003430639160797,-0.0034457019064575434,0.0006532469415105879,0.15642830729484558,-0.18717257678508759,0.14174984395503998,21.0,-0.0023640673607587814,0.004232149105519056,0.0005273824790492654,0.04740046337246895,-0.1315489560365677,0.14105498790740967,22.0,-0.006077456288039684,0.006972114089876413,0.0006249622092582285,0.09999246895313263,-0.11214720457792282,0.09497234970331192
1685054327689761400,0,54327.6875,1.0,0.0,0.0,0.0,0.0,0.0,0.0,16.0,0.006315309554338455,-0.00876083504408598,0.005228796508163214,-0.052407406270504,-0.33285918831825256,0.23302501440048218,17.0,0.006184805650264025,0.02762501686811447,0.0034715954679995775,-0.07969687134027481,-0.0802011638879776,0.11227003484964371,18.0,0.0004432754940353334,0.026898926123976707,0.004102111794054508,0.015550797805190086,-0.07206735014915466,0.1113395169377327,20.0,-0.005635043606162071,-0.0030198192689567804,0.0011796032777056098,-0.10594427585601807,-0.15421460568904877,0.14368537068367004,21.0,-0.004251822363585234,0.0045928265899419785,0.0010339150903746486,-0.28400009870529175,-0.20267151296138763,0.1269570291042328,22.0,-0.007120063528418541,0.00848778709769249,0.0010808594524860382,0.030005501583218575,-0.05386224016547203,0.13286370038986206
1685054327690090500,0,54327.6875,1.0,0.0,0.0,0.0,0.0,0.0,0.0,16.0,0.004760946612805128,-0.00800074078142643,0.005839056335389614,-0.022149132564663887,-0.16652296483516693,0.11118123680353165,17.0,0.0004408462846186012,0.028300410136580467,0.0045348224230110645,0.010620524175465107,-0.024430079385638237,0.011753871105611324,18.0,-8.798932685749605e-05,0.029441462829709053,0.003289079526439309,0.07542601972818375,-0.06618114560842514,-0.008357934653759003,20.0,-0.004373591393232346,-0.001362448325380683,0.001159754116088152,0.22588524222373962,-0.02834136411547661,0.07700353115797043,21.0,-0.007337230257689953,0.005739450454711914,0.0013121358351781964,-0.11771029233932495,-0.11578086018562317,0.08413337916135788,22.0,-0.008710707537829876,0.009881692938506603,0.0008151911897584796,0.03249632194638252,-0.04738667979836464,0.04179446026682854
1685054327700132500,0,54327.69921875,1.0,0.0,0.0,0.0,0.0,0.0,0.0,16.0,0.0013177915243431926,-0.0008263741037808359,0.003987378906458616,-0.32484474778175354,0.4462207555770874,-0.13155344128608704,17.0,-0.0031230412423610687,0.024949122220277786,0.0032140971161425114,0.004839744884520769,-0.07939697802066803,-0.1038670539855957,18.0,-0.00040872409590519965,0.03008604235947132,0.0018504048930481076,0.06425747275352478,-0.06913329660892487,-0.11014825850725174,20.0,-0.0017511866753920913,0.001672932063229382,-0.00039603677578270435,0.2624691128730774,0.13886871933937073,-0.10264476388692856,21.0,-0.011190162971615791,0.006202183663845062,0.00021300194202922285,-0.2661955952644348,-0.06759282946586609,-0.13368067145347595,22.0,-0.010059135034680367,0.010726550593972206,-0.0005781937506981194,-0.006428919266909361,-0.050783246755599976,-0.10590114444494247
